1748876688.235276
1748876688.235276
1748876688.235276
1748876688.2532406
1748876688.2558696
1748876688.257923
1748876688.257923
1748876688.257923
1748876688.2643206
1748876688.2696314
1748876688.2711122
1748876688.2711122
1748876688.281167
1748876688.2863183
1748876688.2863183
1748876688.2863183
1748876688.2863183
1748876688.2863183
1748876688.298092
1748876688.298092
1748876688.298092
1748876688.298092
1748876688.298092
1748876688.3152285
1748876688.3182383
1748876688.3205767
1748876688.3227484
1748876688.3247519
1748876688.3267608
1748876688.3291125
1748876688.3340464
1748876688.3363574
1748876688.3392894
1748876688.343622
1748876688.3458774
1748876688.3481493
1748876688.3481493
1748876688.3481493
1748876688.3481493
1748876688.3481493
1748876688.3481493
1748876688.3660176
1748876688.3660176
1748876688.3660176
1748876688.3660176
1748876688.3787777
1748876688.3797796
1748876688.3822575
1748876688.3864307
1748876688.3864307
1748876688.3864307
1748876688.3927505
1748876688.3927505
1748876688.3984108
1748876688.4004126
1748876688.4004126
1748876688.4004126
1748876688.4004126
1748876688.414328
