-1.197928786217858,1.923073557294515,4.365898800320313
-1.197928786217858,1.923073557294515,4.365898800320313
-1.197928786217858,1.923073557294515,4.365898800320313
-1.197928786217858,1.923073557294515,4.365898800320313
-1.197928786217858,1.923073557294515,4.365898800320313
-1.197928786217858,1.923073557294515,4.365898800320313
-1.2698826985641745,1.9784869009902195,4.263930613897813
-1.2698826985641745,1.9784869009902195,4.263930613897813
-1.2698826985641745,1.9784869009902195,4.263930613897813
-1.2698826985641745,1.9784869009902195,4.263930613897813
-1.2698826985641745,1.9784869009902195,4.263930613897813
-1.2698826985641745,1.9784869009902195,4.263930613897813
-1.2698826985641745,1.9784869009902195,4.263930613897813
-1.2698826985641745,1.9784869009902195,4.263930613897813
-1.2698826985641745,1.9784869009902195,4.263930613897813
-1.2698826985641745,1.9784869009902195,4.263930613897813
-1.2698826985641745,1.9784869009902195,4.263930613897813
-1.2698826985641745,1.9784869009902195,4.263930613897813
-1.2698826985641745,1.9784869009902195,4.263930613897813
-1.2698826985641745,1.9784869009902195,4.263930613897813
-1.2698826985641745,1.9784869009902195,4.263930613897813
-1.2698826985641745,1.9784869009902195,4.263930613897813
-1.2698826985641745,1.9784869009902195,4.263930613897813
-1.2698826985641745,1.9784869009902195,4.263930613897813
-1.2698826985641745,1.9784869009902195,4.263930613897813
-1.2698826985641745,1.9784869009902195,4.263930613897813
-1.2698826985641745,1.9784869009902195,4.263930613897813
-1.2698826985641745,1.9784869009902195,4.263930613897813
-1.2698826985641745,1.9784869009902195,4.263930613897813
-1.2698826985641745,1.9784869009902195,4.263930613897813
-1.2698826985641745,1.9784869009902195,4.263930613897813
-1.2698826985641745,1.9784869009902195,4.263930613897813
-1.2698826985641745,1.9784869009902195,4.263930613897813
-1.2698826985641745,1.9784869009902195,4.263930613897813
-1.2698826985641745,1.9784869009902195,4.263930613897813
-1.2828178678259974,1.977183446805384,4.352278562248824
-1.2828178678259974,1.977183446805384,4.352278562248824
-1.2828178678259974,1.977183446805384,4.352278562248824
-1.2828178678259974,1.977183446805384,4.352278562248824
-1.2828178678259974,1.977183446805384,4.352278562248824
-1.2828178678259974,1.977183446805384,4.352278562248824
-1.2828178678259974,1.977183446805384,4.352278562248824
-1.2828178678259974,1.977183446805384,4.352278562248824
-1.2828178678259974,1.977183446805384,4.352278562248824
-1.2828178678259974,1.977183446805384,4.352278562248824
-1.2828178678259974,1.977183446805384,4.352278562248824
-1.2828178678259974,1.977183446805384,4.352278562248824
-1.2828178678259974,1.977183446805384,4.352278562248824
-1.2828178678259974,1.977183446805384,4.352278562248824
-1.2828178678259974,1.977183446805384,4.352278562248824
-1.2828178678259974,1.977183446805384,4.352278562248824
-1.2828178678259974,1.977183446805384,4.352278562248824
-1.2828178678259974,1.977183446805384,4.352278562248824
-1.2828178678259974,1.977183446805384,4.352278562248824
-1.2828178678259974,1.977183446805384,4.352278562248824
-1.2828178678259974,1.977183446805384,4.352278562248824
-1.2828178678259974,1.977183446805384,4.352278562248824
-1.2828178678259974,1.977183446805384,4.352278562248824
-1.2828178678259974,1.977183446805384,4.352278562248824
-1.3815069568852323,1.9818042032190988,4.244125620628672
-1.3815069568852323,1.9818042032190988,4.244125620628672
-1.3815069568852323,1.9818042032190988,4.244125620628672
-1.3815069568852323,1.9818042032190988,4.244125620628672
-1.3815069568852323,1.9818042032190988,4.244125620628672
-1.3815069568852323,1.9818042032190988,4.244125620628672
-1.3815069568852323,1.9818042032190988,4.244125620628672
-1.3815069568852323,1.9818042032190988,4.244125620628672
-1.3815069568852323,1.9818042032190988,4.244125620628672
-1.3815069568852323,1.9818042032190988,4.244125620628672
-1.3815069568852323,1.9818042032190988,4.244125620628672
-1.3815069568852323,1.9818042032190988,4.244125620628672
-1.3815069568852323,1.9818042032190988,4.244125620628672
-1.3815069568852323,1.9818042032190988,4.244125620628672
-1.3815069568852323,1.9818042032190988,4.244125620628672
-1.3815069568852323,1.9818042032190988,4.244125620628672
-1.3815069568852323,1.9818042032190988,4.244125620628672
-1.3815069568852323,1.9818042032190988,4.244125620628672
-1.3815069568852323,1.9818042032190988,4.244125620628672
-1.3815069568852323,1.9818042032190988,4.244125620628672
-1.3815069568852323,1.9818042032190988,4.244125620628672
-1.3815069568852323,1.9818042032190988,4.244125620628672
-1.3815069568852323,1.9818042032190988,4.244125620628672
-1.3815069568852323,1.9818042032190988,4.244125620628672
-1.3815069568852323,1.9818042032190988,4.244125620628672
-1.3815069568852323,1.9818042032190988,4.244125620628672
-1.3815069568852323,1.9818042032190988,4.244125620628672
-1.2026237212235174,1.9922197586844277,4.323683785792969
-1.2026237212235174,1.9922197586844277,4.323683785792969
-1.2026237212235174,1.9922197586844277,4.323683785792969
-1.2026237212235174,1.9922197586844277,4.323683785792969
-1.2026237212235174,1.9922197586844277,4.323683785792969
-1.2026237212235174,1.9922197586844277,4.323683785792969
-1.2026237212235174,1.9922197586844277,4.323683785792969
-1.2026237212235174,1.9922197586844277,4.323683785792969
-1.2026237212235174,1.9922197586844277,4.323683785792969
-1.2026237212235174,1.9922197586844277,4.323683785792969
-1.2026237212235174,1.9922197586844277,4.323683785792969
-1.2026237212235174,1.9922197586844277,4.323683785792969
-1.2026237212235174,1.9922197586844277,4.323683785792969
-1.2026237212235174,1.9922197586844277,4.323683785792969
-1.2026237212235174,1.9922197586844277,4.323683785792969
-1.2026237212235174,1.9922197586844277,4.323683785792969
-1.2026237212235174,1.9922197586844277,4.323683785792969
-1.2026237212235174,1.9922197586844277,4.323683785792969
-1.2026237212235174,1.9922197586844277,4.323683785792969
-1.2026237212235174,1.9922197586844277,4.323683785792969
-1.2026237212235174,1.9922197586844277,4.323683785792969
-1.2026237212235174,1.9922197586844277,4.323683785792969
-1.2026237212235174,1.9922197586844277,4.323683785792969
-1.2026237212235174,1.9922197586844277,4.323683785792969
-1.2026237212235174,1.9922197586844277,4.323683785792969
-1.2026237212235174,1.9922197586844277,4.323683785792969
-1.2026237212235174,1.9922197586844277,4.323683785792969
-1.2026237212235174,1.9922197586844277,4.323683785792969
-1.2026237212235174,1.9922197586844277,4.323683785792969
-1.2026237212235174,1.9922197586844277,4.323683785792969
-1.2026237212235174,1.9922197586844277,4.323683785792969
-1.2026237212235174,1.9922197586844277,4.323683785792969
-1.2026237212235174,1.9922197586844277,4.323683785792969
-1.2293178830163924,1.9263070454966282,3.8959057179944274
-1.2293178830163924,1.9263070454966282,3.8959057179944274
-1.2293178830163924,1.9263070454966282,3.8959057179944274
-1.2293178830163924,1.9263070454966282,3.8959057179944274
-1.2293178830163924,1.9263070454966282,3.8959057179944274
-1.2293178830163924,1.9263070454966282,3.8959057179944274
-1.2293178830163924,1.9263070454966282,3.8959057179944274
-1.2293178830163924,1.9263070454966282,3.8959057179944274
-1.2293178830163924,1.9263070454966282,3.8959057179944274
-1.2293178830163924,1.9263070454966282,3.8959057179944274
-1.2293178830163924,1.9263070454966282,3.8959057179944274
-1.2293178830163924,1.9263070454966282,3.8959057179944274
-1.2293178830163924,1.9263070454966282,3.8959057179944274
-1.2293178830163924,1.9263070454966282,3.8959057179944274
-1.2293178830163924,1.9263070454966282,3.8959057179944274
-1.2293178830163924,1.9263070454966282,3.8959057179944274
-1.2293178830163924,1.9263070454966282,3.8959057179944274
-1.2293178830163924,1.9263070454966282,3.8959057179944274
-1.2293178830163924,1.9263070454966282,3.8959057179944274
-1.2293178830163924,1.9263070454966282,3.8959057179944274
-1.2293178830163924,1.9263070454966282,3.8959057179944274
-1.2293178830163924,1.9263070454966282,3.8959057179944274
-1.2293178830163924,1.9263070454966282,3.8959057179944274
-1.2293178830163924,1.9263070454966282,3.8959057179944274
-1.2293178830163924,1.9263070454966282,3.8959057179944274
-1.2293178830163924,1.9263070454966282,3.8959057179944274
-1.2293178830163924,1.9263070454966282,3.8959057179944274
-0.9639135082296661,1.0885912388229144,-1.6374190040261958
-0.9639135082296661,1.0885912388229144,-1.6374190040261958
-0.9639135082296661,1.0885912388229144,-1.6374190040261958
-0.9639135082296661,1.0885912388229144,-1.6374190040261958
-0.9639135082296661,1.0885912388229144,-1.6374190040261958
-0.9639135082296661,1.0885912388229144,-1.6374190040261958
-0.9639135082296661,1.0885912388229144,-1.6374190040261958
-0.9639135082296661,1.0885912388229144,-1.6374190040261958
-0.9639135082296661,1.0885912388229144,-1.6374190040261958
-0.9639135082296661,1.0885912388229144,-1.6374190040261958
-0.9639135082296661,1.0885912388229144,-1.6374190040261958
-0.9639135082296661,1.0885912388229144,-1.6374190040261958
-0.9639135082296661,1.0885912388229144,-1.6374190040261958
-0.9639135082296661,1.0885912388229144,-1.6374190040261958
-0.9639135082296661,1.0885912388229144,-1.6374190040261958
-0.9639135082296661,1.0885912388229144,-1.6374190040261958
-0.9639135082296661,1.0885912388229144,-1.6374190040261958
-0.9639135082296661,1.0885912388229144,-1.6374190040261958
-0.9639135082296661,1.0885912388229144,-1.6374190040261958
-0.9639135082296661,1.0885912388229144,-1.6374190040261958
-0.9639135082296661,1.0885912388229144,-1.6374190040261958
-0.9639135082296661,1.0885912388229144,-1.6374190040261958
-0.9639135082296661,1.0885912388229144,-1.6374190040261958
-0.9639135082296661,1.0885912388229144,-1.6374190040261958
-0.9639135082296661,1.0885912388229144,-1.6374190040261958
-0.9639135082296661,1.0885912388229144,-1.6374190040261958
-0.9639135082296661,1.0885912388229144,-1.6374190040261958
-0.9639135082296661,1.0885912388229144,-1.6374190040261958
-0.9639135082296661,1.0885912388229144,-1.6374190040261958
0.05486959776578715,-0.4665604325963386,-16.140840015211122
0.05486959776578715,-0.4665604325963386,-16.140840015211122
0.05486959776578715,-0.4665604325963386,-16.140840015211122
0.05486959776578715,-0.4665604325963386,-16.140840015211122
0.05486959776578715,-0.4665604325963386,-16.140840015211122
0.05486959776578715,-0.4665604325963386,-16.140840015211122
0.05486959776578715,-0.4665604325963386,-16.140840015211122
0.05486959776578715,-0.4665604325963386,-16.140840015211122
0.05486959776578715,-0.4665604325963386,-16.140840015211122
0.05486959776578715,-0.4665604325963386,-16.140840015211122
0.05486959776578715,-0.4665604325963386,-16.140840015211122
0.05486959776578715,-0.4665604325963386,-16.140840015211122
0.05486959776578715,-0.4665604325963386,-16.140840015211122
0.05486959776578715,-0.4665604325963386,-16.140840015211122
0.05486959776578715,-0.4665604325963386,-16.140840015211122
0.05486959776578715,-0.4665604325963386,-16.140840015211122
0.05486959776578715,-0.4665604325963386,-16.140840015211122
0.05486959776578715,-0.4665604325963386,-16.140840015211122
0.05486959776578715,-0.4665604325963386,-16.140840015211122
0.05486959776578715,-0.4665604325963386,-16.140840015211122
0.05486959776578715,-0.4665604325963386,-16.140840015211122
0.05486959776578715,-0.4665604325963386,-16.140840015211122
1.9031074813234454,-1.332367894033041,-37.35812848271968
1.9031074813234454,-1.332367894033041,-37.35812848271968
1.9031074813234454,-1.332367894033041,-37.35812848271968
1.9031074813234454,-1.332367894033041,-37.35812848271968
1.9031074813234454,-1.332367894033041,-37.35812848271968
1.9031074813234454,-1.332367894033041,-37.35812848271968
1.9031074813234454,-1.332367894033041,-37.35812848271968
1.9031074813234454,-1.332367894033041,-37.35812848271968
1.9031074813234454,-1.332367894033041,-37.35812848271968
1.9031074813234454,-1.332367894033041,-37.35812848271968
1.9031074813234454,-1.332367894033041,-37.35812848271968
1.9031074813234454,-1.332367894033041,-37.35812848271968
1.9031074813234454,-1.332367894033041,-37.35812848271968
1.9031074813234454,-1.332367894033041,-37.35812848271968
1.9031074813234454,-1.332367894033041,-37.35812848271968
1.9031074813234454,-1.332367894033041,-37.35812848271968
1.9031074813234454,-1.332367894033041,-37.35812848271968
1.9031074813234454,-1.332367894033041,-37.35812848271968
1.9031074813234454,-1.332367894033041,-37.35812848271968
1.9031074813234454,-1.332367894033041,-37.35812848271968
3.0386697326891863,-0.35617897115048436,-61.62389517251072
3.0386697326891863,-0.35617897115048436,-61.62389517251072
3.0386697326891863,-0.35617897115048436,-61.62389517251072
3.0386697326891863,-0.35617897115048436,-61.62389517251072
3.0386697326891863,-0.35617897115048436,-61.62389517251072
3.0386697326891863,-0.35617897115048436,-61.62389517251072
3.0386697326891863,-0.35617897115048436,-61.62389517251072
3.0386697326891863,-0.35617897115048436,-61.62389517251072
3.0386697326891863,-0.35617897115048436,-61.62389517251072
3.0386697326891863,-0.35617897115048436,-61.62389517251072
3.0386697326891863,-0.35617897115048436,-61.62389517251072
3.0386697326891863,-0.35617897115048436,-61.62389517251072
3.0386697326891863,-0.35617897115048436,-61.62389517251072
3.0386697326891863,-0.35617897115048436,-61.62389517251072
3.0386697326891863,-0.35617897115048436,-61.62389517251072
3.0386697326891863,-0.35617897115048436,-61.62389517251072
3.0386697326891863,-0.35617897115048436,-61.62389517251072
3.0386697326891863,-0.35617897115048436,-61.62389517251072
3.0386697326891863,-0.35617897115048436,-61.62389517251072
3.0386697326891863,-0.35617897115048436,-61.62389517251072
2.1182529872147597,1.5000669554381147,-84.58869885567424
2.1182529872147597,1.5000669554381147,-84.58869885567424
2.1182529872147597,1.5000669554381147,-84.58869885567424
2.1182529872147597,1.5000669554381147,-84.58869885567424
2.1182529872147597,1.5000669554381147,-84.58869885567424
2.1182529872147597,1.5000669554381147,-84.58869885567424
2.1182529872147597,1.5000669554381147,-84.58869885567424
2.1182529872147597,1.5000669554381147,-84.58869885567424
2.1182529872147597,1.5000669554381147,-84.58869885567424
2.1182529872147597,1.5000669554381147,-84.58869885567424
2.1182529872147597,1.5000669554381147,-84.58869885567424
2.1182529872147597,1.5000669554381147,-84.58869885567424
2.1182529872147597,1.5000669554381147,-84.58869885567424
2.1182529872147597,1.5000669554381147,-84.58869885567424
2.1182529872147597,1.5000669554381147,-84.58869885567424
2.1182529872147597,1.5000669554381147,-84.58869885567424
2.1182529872147597,1.5000669554381147,-84.58869885567424
2.1182529872147597,1.5000669554381147,-84.58869885567424
2.1182529872147597,1.5000669554381147,-84.58869885567424
-0.1659526307065562,3.249510733363536,-100.96804447521933
-0.1659526307065562,3.249510733363536,-100.96804447521933
-0.1659526307065562,3.249510733363536,-100.96804447521933
-0.1659526307065562,3.249510733363536,-100.96804447521933
-0.1659526307065562,3.249510733363536,-100.96804447521933
-0.1659526307065562,3.249510733363536,-100.96804447521933
-0.1659526307065562,3.249510733363536,-100.96804447521933
-0.1659526307065562,3.249510733363536,-100.96804447521933
-0.1659526307065562,3.249510733363536,-100.96804447521933
-0.1659526307065562,3.249510733363536,-100.96804447521933
-0.1659526307065562,3.249510733363536,-100.96804447521933
-0.1659526307065562,3.249510733363536,-100.96804447521933
-0.1659526307065562,3.249510733363536,-100.96804447521933
-0.1659526307065562,3.249510733363536,-100.96804447521933
-0.1659526307065562,3.249510733363536,-100.96804447521933
-0.1659526307065562,3.249510733363536,-100.96804447521933
-0.1659526307065562,3.249510733363536,-100.96804447521933
-0.1659526307065562,3.249510733363536,-100.96804447521933
-0.1659526307065562,3.249510733363536,-100.96804447521933
-2.617614168274258,5.351645891194835,-110.43849516256778
-2.617614168274258,5.351645891194835,-110.43849516256778
-2.617614168274258,5.351645891194835,-110.43849516256778
-2.617614168274258,5.351645891194835,-110.43849516256778
-2.617614168274258,5.351645891194835,-110.43849516256778
-2.617614168274258,5.351645891194835,-110.43849516256778
-2.617614168274258,5.351645891194835,-110.43849516256778
-2.617614168274258,5.351645891194835,-110.43849516256778
-2.617614168274258,5.351645891194835,-110.43849516256778
-2.617614168274258,5.351645891194835,-110.43849516256778
-2.617614168274258,5.351645891194835,-110.43849516256778
-2.617614168274258,5.351645891194835,-110.43849516256778
-2.617614168274258,5.351645891194835,-110.43849516256778
-2.617614168274258,5.351645891194835,-110.43849516256778
-2.617614168274258,5.351645891194835,-110.43849516256778
-2.617614168274258,5.351645891194835,-110.43849516256778
-2.617614168274258,5.351645891194835,-110.43849516256778
-2.617614168274258,5.351645891194835,-110.43849516256778
-2.617614168274258,5.351645891194835,-110.43849516256778
-4.611804952490729,7.797718232559873,-113.88860813827057
-4.611804952490729,7.797718232559873,-113.88860813827057
-4.611804952490729,7.797718232559873,-113.88860813827057
-4.611804952490729,7.797718232559873,-113.88860813827057
-4.611804952490729,7.797718232559873,-113.88860813827057
-4.611804952490729,7.797718232559873,-113.88860813827057
-4.611804952490729,7.797718232559873,-113.88860813827057
-4.611804952490729,7.797718232559873,-113.88860813827057
-4.611804952490729,7.797718232559873,-113.88860813827057
-4.611804952490729,7.797718232559873,-113.88860813827057
-4.611804952490729,7.797718232559873,-113.88860813827057
-4.611804952490729,7.797718232559873,-113.88860813827057
-4.611804952490729,7.797718232559873,-113.88860813827057
-4.611804952490729,7.797718232559873,-113.88860813827057
-4.611804952490729,7.797718232559873,-113.88860813827057
-4.611804952490729,7.797718232559873,-113.88860813827057
-4.611804952490729,7.797718232559873,-113.88860813827057
-4.611804952490729,7.797718232559873,-113.88860813827057
-4.611804952490729,7.797718232559873,-113.88860813827057
-4.611804952490729,7.797718232559873,-113.88860813827057
-4.611804952490729,7.797718232559873,-113.88860813827057
-4.611804952490729,7.797718232559873,-113.88860813827057
-4.611804952490729,7.797718232559873,-113.88860813827057
-5.340174031701395,9.888349485914091,-112.1277992990743
-5.340174031701395,9.888349485914091,-112.1277992990743
-5.340174031701395,9.888349485914091,-112.1277992990743
-5.340174031701395,9.888349485914091,-112.1277992990743
-5.340174031701395,9.888349485914091,-112.1277992990743
-5.340174031701395,9.888349485914091,-112.1277992990743
-5.340174031701395,9.888349485914091,-112.1277992990743
-5.340174031701395,9.888349485914091,-112.1277992990743
-5.340174031701395,9.888349485914091,-112.1277992990743
-5.340174031701395,9.888349485914091,-112.1277992990743
-5.340174031701395,9.888349485914091,-112.1277992990743
-5.340174031701395,9.888349485914091,-112.1277992990743
-5.340174031701395,9.888349485914091,-112.1277992990743
-5.340174031701395,9.888349485914091,-112.1277992990743
-5.340174031701395,9.888349485914091,-112.1277992990743
-5.340174031701395,9.888349485914091,-112.1277992990743
-5.340174031701395,9.888349485914091,-112.1277992990743
-5.340174031701395,9.888349485914091,-112.1277992990743
-5.340174031701395,9.888349485914091,-112.1277992990743
-5.340174031701395,9.888349485914091,-112.1277992990743
-5.340174031701395,9.888349485914091,-112.1277992990743
-5.340174031701395,9.888349485914091,-112.1277992990743
-5.340174031701395,9.888349485914091,-112.1277992990743
-5.340174031701395,9.888349485914091,-112.1277992990743
-5.340174031701395,9.888349485914091,-112.1277992990743
-5.660090826145392,11.624280087498619,-106.33560399313896
-5.660090826145392,11.624280087498619,-106.33560399313896
-5.660090826145392,11.624280087498619,-106.33560399313896
-5.660090826145392,11.624280087498619,-106.33560399313896
-5.660090826145392,11.624280087498619,-106.33560399313896
-5.660090826145392,11.624280087498619,-106.33560399313896
-5.660090826145392,11.624280087498619,-106.33560399313896
-5.660090826145392,11.624280087498619,-106.33560399313896
-5.660090826145392,11.624280087498619,-106.33560399313896
-5.660090826145392,11.624280087498619,-106.33560399313896
-5.660090826145392,11.624280087498619,-106.33560399313896
-5.660090826145392,11.624280087498619,-106.33560399313896
-5.660090826145392,11.624280087498619,-106.33560399313896
-5.660090826145392,11.624280087498619,-106.33560399313896
-5.660090826145392,11.624280087498619,-106.33560399313896
-5.660090826145392,11.624280087498619,-106.33560399313896
-5.660090826145392,11.624280087498619,-106.33560399313896
-5.660090826145392,11.624280087498619,-106.33560399313896
-5.660090826145392,11.624280087498619,-106.33560399313896
-5.660090826145392,11.624280087498619,-106.33560399313896
-5.660090826145392,11.624280087498619,-106.33560399313896
-5.660090826145392,11.624280087498619,-106.33560399313896
-5.660090826145392,11.624280087498619,-106.33560399313896
-5.660090826145392,11.624280087498619,-106.33560399313896
-5.660090826145392,11.624280087498619,-106.33560399313896
-5.660090826145392,11.624280087498619,-106.33560399313896
-5.660090826145392,11.624280087498619,-106.33560399313896
-5.273032183151372,12.59863838399076,-98.78534382993136
-5.273032183151372,12.59863838399076,-98.78534382993136
-5.273032183151372,12.59863838399076,-98.78534382993136
-5.273032183151372,12.59863838399076,-98.78534382993136
-5.273032183151372,12.59863838399076,-98.78534382993136
-5.273032183151372,12.59863838399076,-98.78534382993136
-5.273032183151372,12.59863838399076,-98.78534382993136
-5.273032183151372,12.59863838399076,-98.78534382993136
-5.273032183151372,12.59863838399076,-98.78534382993136
-5.273032183151372,12.59863838399076,-98.78534382993136
-5.273032183151372,12.59863838399076,-98.78534382993136
-5.273032183151372,12.59863838399076,-98.78534382993136
-5.273032183151372,12.59863838399076,-98.78534382993136
-5.273032183151372,12.59863838399076,-98.78534382993136
-5.273032183151372,12.59863838399076,-98.78534382993136
-5.273032183151372,12.59863838399076,-98.78534382993136
-5.273032183151372,12.59863838399076,-98.78534382993136
-5.273032183151372,12.59863838399076,-98.78534382993136
-5.273032183151372,12.59863838399076,-98.78534382993136
-5.273032183151372,12.59863838399076,-98.78534382993136
-5.273032183151372,12.59863838399076,-98.78534382993136
-5.273032183151372,12.59863838399076,-98.78534382993136
-5.273032183151372,12.59863838399076,-98.78534382993136
-5.273032183151372,12.59863838399076,-98.78534382993136
-5.273032183151372,12.59863838399076,-98.78534382993136
-5.273032183151372,12.59863838399076,-98.78534382993136
-5.273032183151372,12.59863838399076,-98.78534382993136
-5.273032183151372,12.59863838399076,-98.78534382993136
-4.19008290621332,11.856668917472234,-90.43405083117756
-4.19008290621332,11.856668917472234,-90.43405083117756
-4.19008290621332,11.856668917472234,-90.43405083117756
-4.19008290621332,11.856668917472234,-90.43405083117756
-4.19008290621332,11.856668917472234,-90.43405083117756
-4.19008290621332,11.856668917472234,-90.43405083117756
-4.19008290621332,11.856668917472234,-90.43405083117756
-4.19008290621332,11.856668917472234,-90.43405083117756
-4.19008290621332,11.856668917472234,-90.43405083117756
-4.19008290621332,11.856668917472234,-90.43405083117756
-4.19008290621332,11.856668917472234,-90.43405083117756
-4.19008290621332,11.856668917472234,-90.43405083117756
-4.19008290621332,11.856668917472234,-90.43405083117756
-4.19008290621332,11.856668917472234,-90.43405083117756
-4.19008290621332,11.856668917472234,-90.43405083117756
-4.19008290621332,11.856668917472234,-90.43405083117756
-4.19008290621332,11.856668917472234,-90.43405083117756
-4.19008290621332,11.856668917472234,-90.43405083117756
-4.19008290621332,11.856668917472234,-90.43405083117756
-4.19008290621332,11.856668917472234,-90.43405083117756
-4.19008290621332,11.856668917472234,-90.43405083117756
-4.19008290621332,11.856668917472234,-90.43405083117756
-4.19008290621332,11.856668917472234,-90.43405083117756
-4.19008290621332,11.856668917472234,-90.43405083117756
-4.19008290621332,11.856668917472234,-90.43405083117756
-2.5252631910060472,8.830365920845338,-82.05055818107832
-2.5252631910060472,8.830365920845338,-82.05055818107832
-2.5252631910060472,8.830365920845338,-82.05055818107832
-2.5252631910060472,8.830365920845338,-82.05055818107832
-2.5252631910060472,8.830365920845338,-82.05055818107832
-2.5252631910060472,8.830365920845338,-82.05055818107832
-2.5252631910060472,8.830365920845338,-82.05055818107832
-2.5252631910060472,8.830365920845338,-82.05055818107832
-2.5252631910060472,8.830365920845338,-82.05055818107832
-2.5252631910060472,8.830365920845338,-82.05055818107832
-2.5252631910060472,8.830365920845338,-82.05055818107832
-2.5252631910060472,8.830365920845338,-82.05055818107832
-2.5252631910060472,8.830365920845338,-82.05055818107832
-2.5252631910060472,8.830365920845338,-82.05055818107832
-2.5252631910060472,8.830365920845338,-82.05055818107832
-2.5252631910060472,8.830365920845338,-82.05055818107832
-2.5252631910060472,8.830365920845338,-82.05055818107832
-2.5252631910060472,8.830365920845338,-82.05055818107832
-2.5252631910060472,8.830365920845338,-82.05055818107832
-2.5252631910060472,8.830365920845338,-82.05055818107832
-2.5252631910060472,8.830365920845338,-82.05055818107832
-2.5252631910060472,8.830365920845338,-82.05055818107832
-2.5252631910060472,8.830365920845338,-82.05055818107832
-2.5252631910060472,8.830365920845338,-82.05055818107832
-2.5252631910060472,8.830365920845338,-82.05055818107832
-2.5252631910060472,8.830365920845338,-82.05055818107832
-2.5252631910060472,8.830365920845338,-82.05055818107832
-2.5252631910060472,8.830365920845338,-82.05055818107832
-2.5252631910060472,8.830365920845338,-82.05055818107832
-2.5252631910060472,8.830365920845338,-82.05055818107832
-2.5252631910060472,8.830365920845338,-82.05055818107832
-2.5252631910060472,8.830365920845338,-82.05055818107832
-2.5252631910060472,8.830365920845338,-82.05055818107832
-1.1078057571259023,4.806286100951411,-75.38598005957336
-1.1078057571259023,4.806286100951411,-75.38598005957336
-1.1078057571259023,4.806286100951411,-75.38598005957336
-1.1078057571259023,4.806286100951411,-75.38598005957336
-1.1078057571259023,4.806286100951411,-75.38598005957336
-1.1078057571259023,4.806286100951411,-75.38598005957336
-1.1078057571259023,4.806286100951411,-75.38598005957336
-1.1078057571259023,4.806286100951411,-75.38598005957336
-1.1078057571259023,4.806286100951411,-75.38598005957336
-1.1078057571259023,4.806286100951411,-75.38598005957336
-1.1078057571259023,4.806286100951411,-75.38598005957336
-1.1078057571259023,4.806286100951411,-75.38598005957336
-1.1078057571259023,4.806286100951411,-75.38598005957336
-1.1078057571259023,4.806286100951411,-75.38598005957336
-1.1078057571259023,4.806286100951411,-75.38598005957336
-1.1078057571259023,4.806286100951411,-75.38598005957336
-1.1078057571259023,4.806286100951411,-75.38598005957336
-1.1078057571259023,4.806286100951411,-75.38598005957336
-1.1078057571259023,4.806286100951411,-75.38598005957336
-1.1078057571259023,4.806286100951411,-75.38598005957336
-1.1078057571259023,4.806286100951411,-75.38598005957336
-1.1078057571259023,4.806286100951411,-75.38598005957336
-1.1078057571259023,4.806286100951411,-75.38598005957336
-1.1078057571259023,4.806286100951411,-75.38598005957336
-1.1078057571259023,4.806286100951411,-75.38598005957336
-1.1078057571259023,4.806286100951411,-75.38598005957336
-1.1078057571259023,4.806286100951411,-75.38598005957336
-1.1078057571259023,4.806286100951411,-75.38598005957336
-1.1078057571259023,4.806286100951411,-75.38598005957336
-1.1078057571259023,4.806286100951411,-75.38598005957336
-1.1078057571259023,4.806286100951411,-75.38598005957336
-1.1078057571259023,4.806286100951411,-75.38598005957336
-0.3353788089076488,1.7825136461641478,-70.91535373047941
-0.3353788089076488,1.7825136461641478,-70.91535373047941
-0.3353788089076488,1.7825136461641478,-70.91535373047941
-0.3353788089076488,1.7825136461641478,-70.91535373047941
-0.3353788089076488,1.7825136461641478,-70.91535373047941
-0.3353788089076488,1.7825136461641478,-70.91535373047941
-0.3353788089076488,1.7825136461641478,-70.91535373047941
-0.3353788089076488,1.7825136461641478,-70.91535373047941
-0.3353788089076488,1.7825136461641478,-70.91535373047941
-0.3353788089076488,1.7825136461641478,-70.91535373047941
-0.3353788089076488,1.7825136461641478,-70.91535373047941
-0.3353788089076488,1.7825136461641478,-70.91535373047941
-0.3353788089076488,1.7825136461641478,-70.91535373047941
-0.3353788089076488,1.7825136461641478,-70.91535373047941
-0.3353788089076488,1.7825136461641478,-70.91535373047941
-0.3353788089076488,1.7825136461641478,-70.91535373047941
-0.3353788089076488,1.7825136461641478,-70.91535373047941
-0.3353788089076488,1.7825136461641478,-70.91535373047941
-0.3353788089076488,1.7825136461641478,-70.91535373047941
-0.3353788089076488,1.7825136461641478,-70.91535373047941
-0.3353788089076488,1.7825136461641478,-70.91535373047941
-0.3353788089076488,1.7825136461641478,-70.91535373047941
-0.3353788089076488,1.7825136461641478,-70.91535373047941
-0.3353788089076488,1.7825136461641478,-70.91535373047941
-0.3353788089076488,1.7825136461641478,-70.91535373047941
-0.3353788089076488,1.7825136461641478,-70.91535373047941
-0.3353788089076488,1.7825136461641478,-70.91535373047941
-0.3353788089076488,1.7825136461641478,-70.91535373047941
-0.3353788089076488,1.7825136461641478,-70.91535373047941
0.851889192684439,1.0388817801563164,-65.61373665424412
0.851889192684439,1.0388817801563164,-65.61373665424412
0.851889192684439,1.0388817801563164,-65.61373665424412
0.851889192684439,1.0388817801563164,-65.61373665424412
0.851889192684439,1.0388817801563164,-65.61373665424412
0.851889192684439,1.0388817801563164,-65.61373665424412
0.851889192684439,1.0388817801563164,-65.61373665424412
0.851889192684439,1.0388817801563164,-65.61373665424412
0.851889192684439,1.0388817801563164,-65.61373665424412
0.851889192684439,1.0388817801563164,-65.61373665424412
0.851889192684439,1.0388817801563164,-65.61373665424412
0.851889192684439,1.0388817801563164,-65.61373665424412
0.851889192684439,1.0388817801563164,-65.61373665424412
0.851889192684439,1.0388817801563164,-65.61373665424412
0.851889192684439,1.0388817801563164,-65.61373665424412
0.851889192684439,1.0388817801563164,-65.61373665424412
0.851889192684439,1.0388817801563164,-65.61373665424412
0.851889192684439,1.0388817801563164,-65.61373665424412
0.851889192684439,1.0388817801563164,-65.61373665424412
0.851889192684439,1.0388817801563164,-65.61373665424412
0.851889192684439,1.0388817801563164,-65.61373665424412
0.851889192684439,1.0388817801563164,-65.61373665424412
0.851889192684439,1.0388817801563164,-65.61373665424412
0.851889192684439,1.0388817801563164,-65.61373665424412
0.851889192684439,1.0388817801563164,-65.61373665424412
0.851889192684439,1.0388817801563164,-65.61373665424412
0.851889192684439,1.0388817801563164,-65.61373665424412
0.851889192684439,1.0388817801563164,-65.61373665424412
0.851889192684439,1.0388817801563164,-65.61373665424412
0.851889192684439,1.0388817801563164,-65.61373665424412
0.851889192684439,1.0388817801563164,-65.61373665424412
0.851889192684439,1.0388817801563164,-65.61373665424412
0.7161500748616163,2.0507060160535957,-60.83975448335875
0.7161500748616163,2.0507060160535957,-60.83975448335875
0.7161500748616163,2.0507060160535957,-60.83975448335875
0.7161500748616163,2.0507060160535957,-60.83975448335875
0.7161500748616163,2.0507060160535957,-60.83975448335875
0.7161500748616163,2.0507060160535957,-60.83975448335875
0.7161500748616163,2.0507060160535957,-60.83975448335875
0.7161500748616163,2.0507060160535957,-60.83975448335875
0.7161500748616163,2.0507060160535957,-60.83975448335875
0.7161500748616163,2.0507060160535957,-60.83975448335875
0.7161500748616163,2.0507060160535957,-60.83975448335875
0.7161500748616163,2.0507060160535957,-60.83975448335875
0.7161500748616163,2.0507060160535957,-60.83975448335875
0.7161500748616163,2.0507060160535957,-60.83975448335875
0.7161500748616163,2.0507060160535957,-60.83975448335875
0.7161500748616163,2.0507060160535957,-60.83975448335875
0.7161500748616163,2.0507060160535957,-60.83975448335875
0.7161500748616163,2.0507060160535957,-60.83975448335875
0.7161500748616163,2.0507060160535957,-60.83975448335875
0.7161500748616163,2.0507060160535957,-60.83975448335875
0.7161500748616163,2.0507060160535957,-60.83975448335875
0.7161500748616163,2.0507060160535957,-60.83975448335875
0.7161500748616163,2.0507060160535957,-60.83975448335875
0.7161500748616163,2.0507060160535957,-60.83975448335875
0.7161500748616163,2.0507060160535957,-60.83975448335875
0.7161500748616163,2.0507060160535957,-60.83975448335875
0.7161500748616163,2.0507060160535957,-60.83975448335875
0.7161500748616163,2.0507060160535957,-60.83975448335875
0.7161500748616163,2.0507060160535957,-60.83975448335875
-0.43294824457586856,4.0765014218856095,-60.06214769449069
-0.43294824457586856,4.0765014218856095,-60.06214769449069
-0.43294824457586856,4.0765014218856095,-60.06214769449069
-0.43294824457586856,4.0765014218856095,-60.06214769449069
-0.43294824457586856,4.0765014218856095,-60.06214769449069
-0.43294824457586856,4.0765014218856095,-60.06214769449069
-0.43294824457586856,4.0765014218856095,-60.06214769449069
-0.43294824457586856,4.0765014218856095,-60.06214769449069
-0.43294824457586856,4.0765014218856095,-60.06214769449069
-0.43294824457586856,4.0765014218856095,-60.06214769449069
-0.43294824457586856,4.0765014218856095,-60.06214769449069
-0.43294824457586856,4.0765014218856095,-60.06214769449069
-0.43294824457586856,4.0765014218856095,-60.06214769449069
-0.43294824457586856,4.0765014218856095,-60.06214769449069
-0.43294824457586856,4.0765014218856095,-60.06214769449069
-0.43294824457586856,4.0765014218856095,-60.06214769449069
-0.43294824457586856,4.0765014218856095,-60.06214769449069
-0.43294824457586856,4.0765014218856095,-60.06214769449069
-0.43294824457586856,4.0765014218856095,-60.06214769449069
-0.43294824457586856,4.0765014218856095,-60.06214769449069
-0.43294824457586856,4.0765014218856095,-60.06214769449069
-0.43294824457586856,4.0765014218856095,-60.06214769449069
-0.43294824457586856,4.0765014218856095,-60.06214769449069
-0.43294824457586856,4.0765014218856095,-60.06214769449069
-0.43294824457586856,4.0765014218856095,-60.06214769449069
-0.43294824457586856,4.0765014218856095,-60.06214769449069
-0.43294824457586856,4.0765014218856095,-60.06214769449069
-0.43294824457586856,4.0765014218856095,-60.06214769449069
-0.43294824457586856,4.0765014218856095,-60.06214769449069
-0.43294824457586856,4.0765014218856095,-60.06214769449069
-0.43294824457586856,4.0765014218856095,-60.06214769449069
-0.34068627318458766,4.593987865122131,-65.48463856325886
-0.34068627318458766,4.593987865122131,-65.48463856325886
-0.34068627318458766,4.593987865122131,-65.48463856325886
-0.34068627318458766,4.593987865122131,-65.48463856325886
-0.34068627318458766,4.593987865122131,-65.48463856325886
-0.34068627318458766,4.593987865122131,-65.48463856325886
-0.34068627318458766,4.593987865122131,-65.48463856325886
-0.34068627318458766,4.593987865122131,-65.48463856325886
-0.34068627318458766,4.593987865122131,-65.48463856325886
-0.34068627318458766,4.593987865122131,-65.48463856325886
-0.34068627318458766,4.593987865122131,-65.48463856325886
-0.34068627318458766,4.593987865122131,-65.48463856325886
-0.34068627318458766,4.593987865122131,-65.48463856325886
-0.34068627318458766,4.593987865122131,-65.48463856325886
-0.34068627318458766,4.593987865122131,-65.48463856325886
-0.34068627318458766,4.593987865122131,-65.48463856325886
-0.34068627318458766,4.593987865122131,-65.48463856325886
-0.34068627318458766,4.593987865122131,-65.48463856325886
-0.34068627318458766,4.593987865122131,-65.48463856325886
-0.34068627318458766,4.593987865122131,-65.48463856325886
-0.34068627318458766,4.593987865122131,-65.48463856325886
-0.34068627318458766,4.593987865122131,-65.48463856325886
-0.34068627318458766,4.593987865122131,-65.48463856325886
-0.34068627318458766,4.593987865122131,-65.48463856325886
-0.34068627318458766,4.593987865122131,-65.48463856325886
-0.34068627318458766,4.593987865122131,-65.48463856325886
-0.34068627318458766,4.593987865122131,-65.48463856325886
-0.34068627318458766,4.593987865122131,-65.48463856325886
-0.34068627318458766,4.593987865122131,-65.48463856325886
1.2117357308716237,3.582899625350592,-76.32861958205719
1.2117357308716237,3.582899625350592,-76.32861958205719
1.2117357308716237,3.582899625350592,-76.32861958205719
1.2117357308716237,3.582899625350592,-76.32861958205719
1.2117357308716237,3.582899625350592,-76.32861958205719
1.2117357308716237,3.582899625350592,-76.32861958205719
1.2117357308716237,3.582899625350592,-76.32861958205719
1.2117357308716237,3.582899625350592,-76.32861958205719
1.2117357308716237,3.582899625350592,-76.32861958205719
1.2117357308716237,3.582899625350592,-76.32861958205719
1.2117357308716237,3.582899625350592,-76.32861958205719
1.2117357308716237,3.582899625350592,-76.32861958205719
1.2117357308716237,3.582899625350592,-76.32861958205719
1.2117357308716237,3.582899625350592,-76.32861958205719
1.2117357308716237,3.582899625350592,-76.32861958205719
1.2117357308716237,3.582899625350592,-76.32861958205719
1.2117357308716237,3.582899625350592,-76.32861958205719
1.2117357308716237,3.582899625350592,-76.32861958205719
1.2117357308716237,3.582899625350592,-76.32861958205719
1.2117357308716237,3.582899625350592,-76.32861958205719
1.2117357308716237,3.582899625350592,-76.32861958205719
1.2117357308716237,3.582899625350592,-76.32861958205719
1.2117357308716237,3.582899625350592,-76.32861958205719
1.2117357308716237,3.582899625350592,-76.32861958205719
1.2117357308716237,3.582899625350592,-76.32861958205719
1.2117357308716237,3.582899625350592,-76.32861958205719
1.2117357308716237,3.582899625350592,-76.32861958205719
2.170126454315323,2.132915148720599,-90.14247499359053
2.170126454315323,2.132915148720599,-90.14247499359053
2.170126454315323,2.132915148720599,-90.14247499359053
2.170126454315323,2.132915148720599,-90.14247499359053
2.170126454315323,2.132915148720599,-90.14247499359053
2.170126454315323,2.132915148720599,-90.14247499359053
2.170126454315323,2.132915148720599,-90.14247499359053
2.170126454315323,2.132915148720599,-90.14247499359053
2.170126454315323,2.132915148720599,-90.14247499359053
2.170126454315323,2.132915148720599,-90.14247499359053
2.170126454315323,2.132915148720599,-90.14247499359053
2.170126454315323,2.132915148720599,-90.14247499359053
2.170126454315323,2.132915148720599,-90.14247499359053
2.170126454315323,2.132915148720599,-90.14247499359053
2.170126454315323,2.132915148720599,-90.14247499359053
2.170126454315323,2.132915148720599,-90.14247499359053
2.170126454315323,2.132915148720599,-90.14247499359053
2.170126454315323,2.132915148720599,-90.14247499359053
2.170126454315323,2.132915148720599,-90.14247499359053
2.170126454315323,2.132915148720599,-90.14247499359053
2.170126454315323,2.132915148720599,-90.14247499359053
2.170126454315323,2.132915148720599,-90.14247499359053
2.170126454315323,2.132915148720599,-90.14247499359053
2.170126454315323,2.132915148720599,-90.14247499359053
2.170126454315323,2.132915148720599,-90.14247499359053
1.6317191718532058,1.7887984388123641,-101.92315815767437
1.6317191718532058,1.7887984388123641,-101.92315815767437
1.6317191718532058,1.7887984388123641,-101.92315815767437
1.6317191718532058,1.7887984388123641,-101.92315815767437
1.6317191718532058,1.7887984388123641,-101.92315815767437
1.6317191718532058,1.7887984388123641,-101.92315815767437
1.6317191718532058,1.7887984388123641,-101.92315815767437
1.6317191718532058,1.7887984388123641,-101.92315815767437
1.6317191718532058,1.7887984388123641,-101.92315815767437
1.6317191718532058,1.7887984388123641,-101.92315815767437
1.6317191718532058,1.7887984388123641,-101.92315815767437
1.6317191718532058,1.7887984388123641,-101.92315815767437
1.6317191718532058,1.7887984388123641,-101.92315815767437
1.6317191718532058,1.7887984388123641,-101.92315815767437
1.6317191718532058,1.7887984388123641,-101.92315815767437
1.6317191718532058,1.7887984388123641,-101.92315815767437
1.6317191718532058,1.7887984388123641,-101.92315815767437
1.6317191718532058,1.7887984388123641,-101.92315815767437
1.6317191718532058,1.7887984388123641,-101.92315815767437
1.6317191718532058,1.7887984388123641,-101.92315815767437
1.6317191718532058,1.7887984388123641,-101.92315815767437
1.6317191718532058,1.7887984388123641,-101.92315815767437
1.6317191718532058,1.7887984388123641,-101.92315815767437
1.6317191718532058,1.7887984388123641,-101.92315815767437
1.6317191718532058,1.7887984388123641,-101.92315815767437
1.6317191718532058,1.7887984388123641,-101.92315815767437
-0.07681326628005536,3.1087245263200884,-110.48411450553294
-0.07681326628005536,3.1087245263200884,-110.48411450553294
-0.07681326628005536,3.1087245263200884,-110.48411450553294
-0.07681326628005536,3.1087245263200884,-110.48411450553294
-0.07681326628005536,3.1087245263200884,-110.48411450553294
-0.07681326628005536,3.1087245263200884,-110.48411450553294
-0.07681326628005536,3.1087245263200884,-110.48411450553294
-0.07681326628005536,3.1087245263200884,-110.48411450553294
-0.07681326628005536,3.1087245263200884,-110.48411450553294
-0.07681326628005536,3.1087245263200884,-110.48411450553294
-0.07681326628005536,3.1087245263200884,-110.48411450553294
-0.07681326628005536,3.1087245263200884,-110.48411450553294
-0.07681326628005536,3.1087245263200884,-110.48411450553294
-0.07681326628005536,3.1087245263200884,-110.48411450553294
-0.07681326628005536,3.1087245263200884,-110.48411450553294
-0.07681326628005536,3.1087245263200884,-110.48411450553294
-0.07681326628005536,3.1087245263200884,-110.48411450553294
-0.07681326628005536,3.1087245263200884,-110.48411450553294
-0.07681326628005536,3.1087245263200884,-110.48411450553294
-0.07681326628005536,3.1087245263200884,-110.48411450553294
-0.07681326628005536,3.1087245263200884,-110.48411450553294
-1.1399406934935996,5.3007633719365685,-116.72601283122268
-1.1399406934935996,5.3007633719365685,-116.72601283122268
-1.1399406934935996,5.3007633719365685,-116.72601283122268
-1.1399406934935996,5.3007633719365685,-116.72601283122268
-1.1399406934935996,5.3007633719365685,-116.72601283122268
-1.1399406934935996,5.3007633719365685,-116.72601283122268
-1.1399406934935996,5.3007633719365685,-116.72601283122268
-1.1399406934935996,5.3007633719365685,-116.72601283122268
-1.1399406934935996,5.3007633719365685,-116.72601283122268
-1.1399406934935996,5.3007633719365685,-116.72601283122268
-1.1399406934935996,5.3007633719365685,-116.72601283122268
-1.1399406934935996,5.3007633719365685,-116.72601283122268
-1.1399406934935996,5.3007633719365685,-116.72601283122268
-1.1399406934935996,5.3007633719365685,-116.72601283122268
-1.1399406934935996,5.3007633719365685,-116.72601283122268
-1.1399406934935996,5.3007633719365685,-116.72601283122268
-1.1399406934935996,5.3007633719365685,-116.72601283122268
-1.1399406934935996,5.3007633719365685,-116.72601283122268
-1.1399406934935996,5.3007633719365685,-116.72601283122268
-1.1399406934935996,5.3007633719365685,-116.72601283122268
-1.1399406934935996,5.3007633719365685,-116.72601283122268
-1.1399406934935996,5.3007633719365685,-116.72601283122268
-1.1399406934935996,5.3007633719365685,-116.72601283122268
-1.1399406934935996,5.3007633719365685,-116.72601283122268
-1.1399406934935996,5.3007633719365685,-116.72601283122268
-1.8338899316497645,7.093003231835041,-121.59138402822668
-1.8338899316497645,7.093003231835041,-121.59138402822668
-1.8338899316497645,7.093003231835041,-121.59138402822668
-1.8338899316497645,7.093003231835041,-121.59138402822668
-1.8338899316497645,7.093003231835041,-121.59138402822668
-1.8338899316497645,7.093003231835041,-121.59138402822668
-1.8338899316497645,7.093003231835041,-121.59138402822668
-1.8338899316497645,7.093003231835041,-121.59138402822668
-1.8338899316497645,7.093003231835041,-121.59138402822668
-1.8338899316497645,7.093003231835041,-121.59138402822668
-1.8338899316497645,7.093003231835041,-121.59138402822668
-1.8338899316497645,7.093003231835041,-121.59138402822668
-1.8338899316497645,7.093003231835041,-121.59138402822668
-1.8338899316497645,7.093003231835041,-121.59138402822668
-1.8338899316497645,7.093003231835041,-121.59138402822668
-1.8338899316497645,7.093003231835041,-121.59138402822668
-1.8338899316497645,7.093003231835041,-121.59138402822668
-1.8338899316497645,7.093003231835041,-121.59138402822668
-1.8338899316497645,7.093003231835041,-121.59138402822668
-1.8338899316497645,7.093003231835041,-121.59138402822668
-1.8338899316497645,7.093003231835041,-121.59138402822668
-1.8338899316497645,7.093003231835041,-121.59138402822668
-1.8338899316497645,7.093003231835041,-121.59138402822668
-1.8338899316497645,7.093003231835041,-121.59138402822668
-1.8338899316497645,7.093003231835041,-121.59138402822668
-1.8482894854943197,8.525366970945015,-121.13419481577354
-1.8482894854943197,8.525366970945015,-121.13419481577354
-1.8482894854943197,8.525366970945015,-121.13419481577354
-1.8482894854943197,8.525366970945015,-121.13419481577354
-1.8482894854943197,8.525366970945015,-121.13419481577354
-1.8482894854943197,8.525366970945015,-121.13419481577354
-1.8482894854943197,8.525366970945015,-121.13419481577354
-1.8482894854943197,8.525366970945015,-121.13419481577354
-1.8482894854943197,8.525366970945015,-121.13419481577354
-1.8482894854943197,8.525366970945015,-121.13419481577354
-1.8482894854943197,8.525366970945015,-121.13419481577354
-1.8482894854943197,8.525366970945015,-121.13419481577354
-1.8482894854943197,8.525366970945015,-121.13419481577354
-1.8482894854943197,8.525366970945015,-121.13419481577354
-1.8482894854943197,8.525366970945015,-121.13419481577354
-1.8482894854943197,8.525366970945015,-121.13419481577354
-1.8482894854943197,8.525366970945015,-121.13419481577354
-1.8482894854943197,8.525366970945015,-121.13419481577354
-1.8482894854943197,8.525366970945015,-121.13419481577354
-1.8482894854943197,8.525366970945015,-121.13419481577354
-1.8482894854943197,8.525366970945015,-121.13419481577354
-1.8482894854943197,8.525366970945015,-121.13419481577354
-1.8482894854943197,8.525366970945015,-121.13419481577354
-1.8482894854943197,8.525366970945015,-121.13419481577354
-1.8482894854943197,8.525366970945015,-121.13419481577354
-1.8482894854943197,8.525366970945015,-121.13419481577354
-1.8482894854943197,8.525366970945015,-121.13419481577354
-1.8482894854943197,8.525366970945015,-121.13419481577354
-2.1102768055673096,9.996990630718415,-114.44892589848821
-2.1102768055673096,9.996990630718415,-114.44892589848821
-2.1102768055673096,9.996990630718415,-114.44892589848821
-2.1102768055673096,9.996990630718415,-114.44892589848821
-2.1102768055673096,9.996990630718415,-114.44892589848821
-2.1102768055673096,9.996990630718415,-114.44892589848821
-2.1102768055673096,9.996990630718415,-114.44892589848821
-2.1102768055673096,9.996990630718415,-114.44892589848821
-2.1102768055673096,9.996990630718415,-114.44892589848821
-2.1102768055673096,9.996990630718415,-114.44892589848821
-2.1102768055673096,9.996990630718415,-114.44892589848821
-2.1102768055673096,9.996990630718415,-114.44892589848821
-2.1102768055673096,9.996990630718415,-114.44892589848821
-2.1102768055673096,9.996990630718415,-114.44892589848821
-2.1102768055673096,9.996990630718415,-114.44892589848821
-2.1102768055673096,9.996990630718415,-114.44892589848821
-2.1102768055673096,9.996990630718415,-114.44892589848821
-2.1102768055673096,9.996990630718415,-114.44892589848821
-2.1102768055673096,9.996990630718415,-114.44892589848821
-2.1102768055673096,9.996990630718415,-114.44892589848821
-2.1102768055673096,9.996990630718415,-114.44892589848821
-2.1102768055673096,9.996990630718415,-114.44892589848821
-2.1102768055673096,9.996990630718415,-114.44892589848821
-2.1102768055673096,9.996990630718415,-114.44892589848821
-2.1102768055673096,9.996990630718415,-114.44892589848821
-2.1102768055673096,9.996990630718415,-114.44892589848821
-1.7461041025198938,10.737960675599425,-103.76795852334703
-1.7461041025198938,10.737960675599425,-103.76795852334703
-1.7461041025198938,10.737960675599425,-103.76795852334703
-1.7461041025198938,10.737960675599425,-103.76795852334703
-1.7461041025198938,10.737960675599425,-103.76795852334703
-1.7461041025198938,10.737960675599425,-103.76795852334703
-1.7461041025198938,10.737960675599425,-103.76795852334703
-1.7461041025198938,10.737960675599425,-103.76795852334703
-1.7461041025198938,10.737960675599425,-103.76795852334703
-1.7461041025198938,10.737960675599425,-103.76795852334703
-1.7461041025198938,10.737960675599425,-103.76795852334703
-1.7461041025198938,10.737960675599425,-103.76795852334703
-1.7461041025198938,10.737960675599425,-103.76795852334703
-1.7461041025198938,10.737960675599425,-103.76795852334703
-1.7461041025198938,10.737960675599425,-103.76795852334703
-1.7461041025198938,10.737960675599425,-103.76795852334703
-1.7461041025198938,10.737960675599425,-103.76795852334703
-1.7461041025198938,10.737960675599425,-103.76795852334703
-1.7461041025198938,10.737960675599425,-103.76795852334703
-1.7461041025198938,10.737960675599425,-103.76795852334703
-1.7461041025198938,10.737960675599425,-103.76795852334703
-1.7461041025198938,10.737960675599425,-103.76795852334703
-1.7461041025198938,10.737960675599425,-103.76795852334703
-1.7461041025198938,10.737960675599425,-103.76795852334703
-1.7461041025198938,10.737960675599425,-103.76795852334703
-1.7461041025198938,10.737960675599425,-103.76795852334703
-1.7461041025198938,10.737960675599425,-103.76795852334703
-1.7461041025198938,10.737960675599425,-103.76795852334703
-1.7461041025198938,10.737960675599425,-103.76795852334703
-0.9478663513930314,9.467326849094206,-91.07249207707282
-0.9478663513930314,9.467326849094206,-91.07249207707282
-0.9478663513930314,9.467326849094206,-91.07249207707282
-0.9478663513930314,9.467326849094206,-91.07249207707282
-0.9478663513930314,9.467326849094206,-91.07249207707282
-0.9478663513930314,9.467326849094206,-91.07249207707282
-0.9478663513930314,9.467326849094206,-91.07249207707282
-0.9478663513930314,9.467326849094206,-91.07249207707282
-0.9478663513930314,9.467326849094206,-91.07249207707282
-0.9478663513930314,9.467326849094206,-91.07249207707282
-0.9478663513930314,9.467326849094206,-91.07249207707282
-0.9478663513930314,9.467326849094206,-91.07249207707282
-0.9478663513930314,9.467326849094206,-91.07249207707282
-0.9478663513930314,9.467326849094206,-91.07249207707282
-0.9478663513930314,9.467326849094206,-91.07249207707282
-0.9478663513930314,9.467326849094206,-91.07249207707282
-0.9478663513930314,9.467326849094206,-91.07249207707282
-0.9478663513930314,9.467326849094206,-91.07249207707282
-0.9478663513930314,9.467326849094206,-91.07249207707282
-0.9478663513930314,9.467326849094206,-91.07249207707282
-0.9478663513930314,9.467326849094206,-91.07249207707282
-0.9478663513930314,9.467326849094206,-91.07249207707282
-0.9478663513930314,9.467326849094206,-91.07249207707282
-0.9478663513930314,9.467326849094206,-91.07249207707282
-0.9478663513930314,9.467326849094206,-91.07249207707282
-0.9478663513930314,9.467326849094206,-91.07249207707282
-0.9478663513930314,9.467326849094206,-91.07249207707282
-0.9478663513930314,9.467326849094206,-91.07249207707282
0.08418567233320573,7.263585227950671,-79.8282023200553
0.08418567233320573,7.263585227950671,-79.8282023200553
0.08418567233320573,7.263585227950671,-79.8282023200553
0.08418567233320573,7.263585227950671,-79.8282023200553
0.08418567233320573,7.263585227950671,-79.8282023200553
0.08418567233320573,7.263585227950671,-79.8282023200553
0.08418567233320573,7.263585227950671,-79.8282023200553
0.08418567233320573,7.263585227950671,-79.8282023200553
0.08418567233320573,7.263585227950671,-79.8282023200553
0.08418567233320573,7.263585227950671,-79.8282023200553
0.08418567233320573,7.263585227950671,-79.8282023200553
0.08418567233320573,7.263585227950671,-79.8282023200553
0.08418567233320573,7.263585227950671,-79.8282023200553
0.08418567233320573,7.263585227950671,-79.8282023200553
0.08418567233320573,7.263585227950671,-79.8282023200553
0.08418567233320573,7.263585227950671,-79.8282023200553
0.08418567233320573,7.263585227950671,-79.8282023200553
0.08418567233320573,7.263585227950671,-79.8282023200553
0.08418567233320573,7.263585227950671,-79.8282023200553
0.08418567233320573,7.263585227950671,-79.8282023200553
0.08418567233320573,7.263585227950671,-79.8282023200553
0.08418567233320573,7.263585227950671,-79.8282023200553
0.08418567233320573,7.263585227950671,-79.8282023200553
0.08418567233320573,7.263585227950671,-79.8282023200553
0.08418567233320573,7.263585227950671,-79.8282023200553
0.08418567233320573,7.263585227950671,-79.8282023200553
0.08418567233320573,7.263585227950671,-79.8282023200553
0.08418567233320573,7.263585227950671,-79.8282023200553
0.08418567233320573,7.263585227950671,-79.8282023200553
0.08418567233320573,7.263585227950671,-79.8282023200553
0.08418567233320573,7.263585227950671,-79.8282023200553
0.08418567233320573,7.263585227950671,-79.8282023200553
0.08418567233320573,7.263585227950671,-79.8282023200553
1.3156170099358633,4.804722492291262,-71.85503947593452
1.3156170099358633,4.804722492291262,-71.85503947593452
1.3156170099358633,4.804722492291262,-71.85503947593452
1.3156170099358633,4.804722492291262,-71.85503947593452
1.3156170099358633,4.804722492291262,-71.85503947593452
1.3156170099358633,4.804722492291262,-71.85503947593452
1.3156170099358633,4.804722492291262,-71.85503947593452
1.3156170099358633,4.804722492291262,-71.85503947593452
1.3156170099358633,4.804722492291262,-71.85503947593452
1.3156170099358633,4.804722492291262,-71.85503947593452
1.3156170099358633,4.804722492291262,-71.85503947593452
1.3156170099358633,4.804722492291262,-71.85503947593452
1.3156170099358633,4.804722492291262,-71.85503947593452
1.3156170099358633,4.804722492291262,-71.85503947593452
1.3156170099358633,4.804722492291262,-71.85503947593452
1.3156170099358633,4.804722492291262,-71.85503947593452
1.3156170099358633,4.804722492291262,-71.85503947593452
1.3156170099358633,4.804722492291262,-71.85503947593452
1.3156170099358633,4.804722492291262,-71.85503947593452
1.3156170099358633,4.804722492291262,-71.85503947593452
1.3156170099358633,4.804722492291262,-71.85503947593452
1.3156170099358633,4.804722492291262,-71.85503947593452
1.3156170099358633,4.804722492291262,-71.85503947593452
1.3156170099358633,4.804722492291262,-71.85503947593452
1.3156170099358633,4.804722492291262,-71.85503947593452
1.3156170099358633,4.804722492291262,-71.85503947593452
1.3156170099358633,4.804722492291262,-71.85503947593452
1.3156170099358633,4.804722492291262,-71.85503947593452
1.3156170099358633,4.804722492291262,-71.85503947593452
1.3156170099358633,4.804722492291262,-71.85503947593452
1.3156170099358633,4.804722492291262,-71.85503947593452
1.3156170099358633,4.804722492291262,-71.85503947593452
1.786742136566545,3.5078780363589885,-65.07778575877191
1.786742136566545,3.5078780363589885,-65.07778575877191
1.786742136566545,3.5078780363589885,-65.07778575877191
1.786742136566545,3.5078780363589885,-65.07778575877191
1.786742136566545,3.5078780363589885,-65.07778575877191
1.786742136566545,3.5078780363589885,-65.07778575877191
1.786742136566545,3.5078780363589885,-65.07778575877191
1.786742136566545,3.5078780363589885,-65.07778575877191
1.786742136566545,3.5078780363589885,-65.07778575877191
1.786742136566545,3.5078780363589885,-65.07778575877191
1.786742136566545,3.5078780363589885,-65.07778575877191
1.786742136566545,3.5078780363589885,-65.07778575877191
1.786742136566545,3.5078780363589885,-65.07778575877191
1.786742136566545,3.5078780363589885,-65.07778575877191
1.786742136566545,3.5078780363589885,-65.07778575877191
1.786742136566545,3.5078780363589885,-65.07778575877191
1.786742136566545,3.5078780363589885,-65.07778575877191
1.786742136566545,3.5078780363589885,-65.07778575877191
1.786742136566545,3.5078780363589885,-65.07778575877191
1.786742136566545,3.5078780363589885,-65.07778575877191
1.786742136566545,3.5078780363589885,-65.07778575877191
1.786742136566545,3.5078780363589885,-65.07778575877191
1.786742136566545,3.5078780363589885,-65.07778575877191
1.786742136566545,3.5078780363589885,-65.07778575877191
1.786742136566545,3.5078780363589885,-65.07778575877191
1.786742136566545,3.5078780363589885,-65.07778575877191
1.786742136566545,3.5078780363589885,-65.07778575877191
1.786742136566545,3.5078780363589885,-65.07778575877191
1.786742136566545,3.5078780363589885,-65.07778575877191
1.786742136566545,3.5078780363589885,-65.07778575877191
1.786742136566545,3.5078780363589885,-65.07778575877191
1.786742136566545,3.5078780363589885,-65.07778575877191
1.786742136566545,3.5078780363589885,-65.07778575877191
1.6357302217406868,3.7997249344286956,-57.97613606120473
1.6357302217406868,3.7997249344286956,-57.97613606120473
1.6357302217406868,3.7997249344286956,-57.97613606120473
1.6357302217406868,3.7997249344286956,-57.97613606120473
1.6357302217406868,3.7997249344286956,-57.97613606120473
1.6357302217406868,3.7997249344286956,-57.97613606120473
1.6357302217406868,3.7997249344286956,-57.97613606120473
1.6357302217406868,3.7997249344286956,-57.97613606120473
1.6357302217406868,3.7997249344286956,-57.97613606120473
1.6357302217406868,3.7997249344286956,-57.97613606120473
1.6357302217406868,3.7997249344286956,-57.97613606120473
1.6357302217406868,3.7997249344286956,-57.97613606120473
1.6357302217406868,3.7997249344286956,-57.97613606120473
1.6357302217406868,3.7997249344286956,-57.97613606120473
1.6357302217406868,3.7997249344286956,-57.97613606120473
1.6357302217406868,3.7997249344286956,-57.97613606120473
1.6357302217406868,3.7997249344286956,-57.97613606120473
1.6357302217406868,3.7997249344286956,-57.97613606120473
1.6357302217406868,3.7997249344286956,-57.97613606120473
1.6357302217406868,3.7997249344286956,-57.97613606120473
1.6357302217406868,3.7997249344286956,-57.97613606120473
1.6357302217406868,3.7997249344286956,-57.97613606120473
1.6357302217406868,3.7997249344286956,-57.97613606120473
1.6357302217406868,3.7997249344286956,-57.97613606120473
1.6357302217406868,3.7997249344286956,-57.97613606120473
1.6357302217406868,3.7997249344286956,-57.97613606120473
1.6357302217406868,3.7997249344286956,-57.97613606120473
1.6357302217406868,3.7997249344286956,-57.97613606120473
1.6357302217406868,3.7997249344286956,-57.97613606120473
1.1171039295625178,4.775287510247381,-56.15818614793119
1.1171039295625178,4.775287510247381,-56.15818614793119
1.1171039295625178,4.775287510247381,-56.15818614793119
1.1171039295625178,4.775287510247381,-56.15818614793119
1.1171039295625178,4.775287510247381,-56.15818614793119
1.1171039295625178,4.775287510247381,-56.15818614793119
1.1171039295625178,4.775287510247381,-56.15818614793119
1.1171039295625178,4.775287510247381,-56.15818614793119
1.1171039295625178,4.775287510247381,-56.15818614793119
1.1171039295625178,4.775287510247381,-56.15818614793119
1.1171039295625178,4.775287510247381,-56.15818614793119
1.1171039295625178,4.775287510247381,-56.15818614793119
1.1171039295625178,4.775287510247381,-56.15818614793119
1.1171039295625178,4.775287510247381,-56.15818614793119
1.1171039295625178,4.775287510247381,-56.15818614793119
1.1171039295625178,4.775287510247381,-56.15818614793119
1.1171039295625178,4.775287510247381,-56.15818614793119
1.1171039295625178,4.775287510247381,-56.15818614793119
1.1171039295625178,4.775287510247381,-56.15818614793119
1.1171039295625178,4.775287510247381,-56.15818614793119
1.1171039295625178,4.775287510247381,-56.15818614793119
1.1171039295625178,4.775287510247381,-56.15818614793119
1.1171039295625178,4.775287510247381,-56.15818614793119
1.1171039295625178,4.775287510247381,-56.15818614793119
1.1171039295625178,4.775287510247381,-56.15818614793119
1.1171039295625178,4.775287510247381,-56.15818614793119
1.1171039295625178,4.775287510247381,-56.15818614793119
1.305321932437323,5.616058392863465,-60.451731220074976
1.305321932437323,5.616058392863465,-60.451731220074976
1.305321932437323,5.616058392863465,-60.451731220074976
1.305321932437323,5.616058392863465,-60.451731220074976
1.305321932437323,5.616058392863465,-60.451731220074976
1.305321932437323,5.616058392863465,-60.451731220074976
1.305321932437323,5.616058392863465,-60.451731220074976
1.305321932437323,5.616058392863465,-60.451731220074976
1.305321932437323,5.616058392863465,-60.451731220074976
1.305321932437323,5.616058392863465,-60.451731220074976
1.305321932437323,5.616058392863465,-60.451731220074976
1.305321932437323,5.616058392863465,-60.451731220074976
1.305321932437323,5.616058392863465,-60.451731220074976
1.305321932437323,5.616058392863465,-60.451731220074976
1.305321932437323,5.616058392863465,-60.451731220074976
1.305321932437323,5.616058392863465,-60.451731220074976
1.305321932437323,5.616058392863465,-60.451731220074976
1.305321932437323,5.616058392863465,-60.451731220074976
1.305321932437323,5.616058392863465,-60.451731220074976
1.305321932437323,5.616058392863465,-60.451731220074976
1.305321932437323,5.616058392863465,-60.451731220074976
1.305321932437323,5.616058392863465,-60.451731220074976
1.305321932437323,5.616058392863465,-60.451731220074976
1.305321932437323,5.616058392863465,-60.451731220074976
1.305321932437323,5.616058392863465,-60.451731220074976
1.305321932437323,5.616058392863465,-60.451731220074976
1.305321932437323,5.616058392863465,-60.451731220074976
1.305321932437323,5.616058392863465,-60.451731220074976
1.305321932437323,5.616058392863465,-60.451731220074976
1.305321932437323,5.616058392863465,-60.451731220074976
1.305321932437323,5.616058392863465,-60.451731220074976
1.305321932437323,5.616058392863465,-60.451731220074976
2.348811297695306,5.173528158616477,-70.03526876347497
2.348811297695306,5.173528158616477,-70.03526876347497
2.348811297695306,5.173528158616477,-70.03526876347497
2.348811297695306,5.173528158616477,-70.03526876347497
2.348811297695306,5.173528158616477,-70.03526876347497
2.348811297695306,5.173528158616477,-70.03526876347497
2.348811297695306,5.173528158616477,-70.03526876347497
2.348811297695306,5.173528158616477,-70.03526876347497
2.348811297695306,5.173528158616477,-70.03526876347497
2.348811297695306,5.173528158616477,-70.03526876347497
2.348811297695306,5.173528158616477,-70.03526876347497
2.348811297695306,5.173528158616477,-70.03526876347497
2.348811297695306,5.173528158616477,-70.03526876347497
2.348811297695306,5.173528158616477,-70.03526876347497
2.348811297695306,5.173528158616477,-70.03526876347497
2.348811297695306,5.173528158616477,-70.03526876347497
2.348811297695306,5.173528158616477,-70.03526876347497
2.348811297695306,5.173528158616477,-70.03526876347497
2.348811297695306,5.173528158616477,-70.03526876347497
2.348811297695306,5.173528158616477,-70.03526876347497
2.348811297695306,5.173528158616477,-70.03526876347497
2.348811297695306,5.173528158616477,-70.03526876347497
2.348811297695306,5.173528158616477,-70.03526876347497
2.348811297695306,5.173528158616477,-70.03526876347497
2.348811297695306,5.173528158616477,-70.03526876347497
2.348811297695306,5.173528158616477,-70.03526876347497
2.348811297695306,5.173528158616477,-70.03526876347497
2.348811297695306,5.173528158616477,-70.03526876347497
2.348811297695306,5.173528158616477,-70.03526876347497
2.348811297695306,5.173528158616477,-70.03526876347497
2.348811297695306,5.173528158616477,-70.03526876347497
2.348811297695306,5.173528158616477,-70.03526876347497
3.1976969010495395,4.220683591538432,-83.40616923611334
3.1976969010495395,4.220683591538432,-83.40616923611334
3.1976969010495395,4.220683591538432,-83.40616923611334
3.1976969010495395,4.220683591538432,-83.40616923611334
3.1976969010495395,4.220683591538432,-83.40616923611334
3.1976969010495395,4.220683591538432,-83.40616923611334
3.1976969010495395,4.220683591538432,-83.40616923611334
3.1976969010495395,4.220683591538432,-83.40616923611334
3.1976969010495395,4.220683591538432,-83.40616923611334
3.1976969010495395,4.220683591538432,-83.40616923611334
3.1976969010495395,4.220683591538432,-83.40616923611334
3.1976969010495395,4.220683591538432,-83.40616923611334
3.1976969010495395,4.220683591538432,-83.40616923611334
3.1976969010495395,4.220683591538432,-83.40616923611334
3.1976969010495395,4.220683591538432,-83.40616923611334
3.1976969010495395,4.220683591538432,-83.40616923611334
3.1976969010495395,4.220683591538432,-83.40616923611334
3.1976969010495395,4.220683591538432,-83.40616923611334
3.1976969010495395,4.220683591538432,-83.40616923611334
3.1976969010495395,4.220683591538432,-83.40616923611334
3.1976969010495395,4.220683591538432,-83.40616923611334
3.335617864662595,3.495801775956579,-96.64464827874441
3.335617864662595,3.495801775956579,-96.64464827874441
3.335617864662595,3.495801775956579,-96.64464827874441
3.335617864662595,3.495801775956579,-96.64464827874441
3.335617864662595,3.495801775956579,-96.64464827874441
3.335617864662595,3.495801775956579,-96.64464827874441
3.335617864662595,3.495801775956579,-96.64464827874441
3.335617864662595,3.495801775956579,-96.64464827874441
3.335617864662595,3.495801775956579,-96.64464827874441
3.335617864662595,3.495801775956579,-96.64464827874441
3.335617864662595,3.495801775956579,-96.64464827874441
3.335617864662595,3.495801775956579,-96.64464827874441
3.335617864662595,3.495801775956579,-96.64464827874441
3.335617864662595,3.495801775956579,-96.64464827874441
3.335617864662595,3.495801775956579,-96.64464827874441
3.335617864662595,3.495801775956579,-96.64464827874441
3.335617864662595,3.495801775956579,-96.64464827874441
3.335617864662595,3.495801775956579,-96.64464827874441
3.335617864662595,3.495801775956579,-96.64464827874441
3.335617864662595,3.495801775956579,-96.64464827874441
3.335617864662595,3.495801775956579,-96.64464827874441
3.335617864662595,3.495801775956579,-96.64464827874441
3.335617864662595,3.495801775956579,-96.64464827874441
2.0213354921594373,4.157981534687337,-105.27800639320265
2.0213354921594373,4.157981534687337,-105.27800639320265
2.0213354921594373,4.157981534687337,-105.27800639320265
2.0213354921594373,4.157981534687337,-105.27800639320265
2.0213354921594373,4.157981534687337,-105.27800639320265
2.0213354921594373,4.157981534687337,-105.27800639320265
2.0213354921594373,4.157981534687337,-105.27800639320265
2.0213354921594373,4.157981534687337,-105.27800639320265
2.0213354921594373,4.157981534687337,-105.27800639320265
2.0213354921594373,4.157981534687337,-105.27800639320265
2.0213354921594373,4.157981534687337,-105.27800639320265
2.0213354921594373,4.157981534687337,-105.27800639320265
2.0213354921594373,4.157981534687337,-105.27800639320265
2.0213354921594373,4.157981534687337,-105.27800639320265
2.0213354921594373,4.157981534687337,-105.27800639320265
2.0213354921594373,4.157981534687337,-105.27800639320265
2.0213354921594373,4.157981534687337,-105.27800639320265
2.0213354921594373,4.157981534687337,-105.27800639320265
2.0213354921594373,4.157981534687337,-105.27800639320265
2.0213354921594373,4.157981534687337,-105.27800639320265
2.0213354921594373,4.157981534687337,-105.27800639320265
0.47832744080028533,5.623327085284586,-111.87985023290129
0.47832744080028533,5.623327085284586,-111.87985023290129
0.47832744080028533,5.623327085284586,-111.87985023290129
0.47832744080028533,5.623327085284586,-111.87985023290129
0.47832744080028533,5.623327085284586,-111.87985023290129
0.47832744080028533,5.623327085284586,-111.87985023290129
0.47832744080028533,5.623327085284586,-111.87985023290129
0.47832744080028533,5.623327085284586,-111.87985023290129
0.47832744080028533,5.623327085284586,-111.87985023290129
0.47832744080028533,5.623327085284586,-111.87985023290129
0.47832744080028533,5.623327085284586,-111.87985023290129
0.47832744080028533,5.623327085284586,-111.87985023290129
0.47832744080028533,5.623327085284586,-111.87985023290129
0.47832744080028533,5.623327085284586,-111.87985023290129
0.47832744080028533,5.623327085284586,-111.87985023290129
0.47832744080028533,5.623327085284586,-111.87985023290129
0.47832744080028533,5.623327085284586,-111.87985023290129
0.47832744080028533,5.623327085284586,-111.87985023290129
0.47832744080028533,5.623327085284586,-111.87985023290129
0.47832744080028533,5.623327085284586,-111.87985023290129
0.47832744080028533,5.623327085284586,-111.87985023290129
-0.2350240836339026,7.631722206293944,-117.69678360471488
-0.2350240836339026,7.631722206293944,-117.69678360471488
-0.2350240836339026,7.631722206293944,-117.69678360471488
-0.2350240836339026,7.631722206293944,-117.69678360471488
-0.2350240836339026,7.631722206293944,-117.69678360471488
-0.2350240836339026,7.631722206293944,-117.69678360471488
-0.2350240836339026,7.631722206293944,-117.69678360471488
-0.2350240836339026,7.631722206293944,-117.69678360471488
-0.2350240836339026,7.631722206293944,-117.69678360471488
-0.2350240836339026,7.631722206293944,-117.69678360471488
-0.2350240836339026,7.631722206293944,-117.69678360471488
-0.2350240836339026,7.631722206293944,-117.69678360471488
-0.2350240836339026,7.631722206293944,-117.69678360471488
-0.2350240836339026,7.631722206293944,-117.69678360471488
-0.2350240836339026,7.631722206293944,-117.69678360471488
-0.2350240836339026,7.631722206293944,-117.69678360471488
-0.2350240836339026,7.631722206293944,-117.69678360471488
-0.2350240836339026,7.631722206293944,-117.69678360471488
-0.2350240836339026,7.631722206293944,-117.69678360471488
-0.2350240836339026,7.631722206293944,-117.69678360471488
-0.2350240836339026,7.631722206293944,-117.69678360471488
-0.2350240836339026,7.631722206293944,-117.69678360471488
-0.2350240836339026,7.631722206293944,-117.69678360471488
-0.2350240836339026,7.631722206293944,-117.69678360471488
-0.2350240836339026,7.631722206293944,-117.69678360471488
-0.2350240836339026,7.631722206293944,-117.69678360471488
-0.1002665476569291,9.701737955460771,-118.87517245250524
-0.1002665476569291,9.701737955460771,-118.87517245250524
-0.1002665476569291,9.701737955460771,-118.87517245250524
-0.1002665476569291,9.701737955460771,-118.87517245250524
-0.1002665476569291,9.701737955460771,-118.87517245250524
-0.1002665476569291,9.701737955460771,-118.87517245250524
-0.1002665476569291,9.701737955460771,-118.87517245250524
-0.1002665476569291,9.701737955460771,-118.87517245250524
-0.1002665476569291,9.701737955460771,-118.87517245250524
-0.1002665476569291,9.701737955460771,-118.87517245250524
-0.1002665476569291,9.701737955460771,-118.87517245250524
-0.1002665476569291,9.701737955460771,-118.87517245250524
-0.1002665476569291,9.701737955460771,-118.87517245250524
-0.1002665476569291,9.701737955460771,-118.87517245250524
-0.1002665476569291,9.701737955460771,-118.87517245250524
-0.1002665476569291,9.701737955460771,-118.87517245250524
-0.1002665476569291,9.701737955460771,-118.87517245250524
-0.1002665476569291,9.701737955460771,-118.87517245250524
-0.1002665476569291,9.701737955460771,-118.87517245250524
-0.1002665476569291,9.701737955460771,-118.87517245250524
-0.1002665476569291,9.701737955460771,-118.87517245250524
-0.1002665476569291,9.701737955460771,-118.87517245250524
-0.1002665476569291,9.701737955460771,-118.87517245250524
-0.1002665476569291,9.701737955460771,-118.87517245250524
-0.1002665476569291,9.701737955460771,-118.87517245250524
-0.1002665476569291,9.701737955460771,-118.87517245250524
-0.2081825811711724,11.231585158488997,-113.33002379109155
-0.2081825811711724,11.231585158488997,-113.33002379109155
-0.2081825811711724,11.231585158488997,-113.33002379109155
-0.2081825811711724,11.231585158488997,-113.33002379109155
-0.2081825811711724,11.231585158488997,-113.33002379109155
-0.2081825811711724,11.231585158488997,-113.33002379109155
-0.2081825811711724,11.231585158488997,-113.33002379109155
-0.2081825811711724,11.231585158488997,-113.33002379109155
-0.2081825811711724,11.231585158488997,-113.33002379109155
-0.2081825811711724,11.231585158488997,-113.33002379109155
-0.2081825811711724,11.231585158488997,-113.33002379109155
-0.2081825811711724,11.231585158488997,-113.33002379109155
-0.2081825811711724,11.231585158488997,-113.33002379109155
-0.2081825811711724,11.231585158488997,-113.33002379109155
-0.2081825811711724,11.231585158488997,-113.33002379109155
-0.2081825811711724,11.231585158488997,-113.33002379109155
-0.2081825811711724,11.231585158488997,-113.33002379109155
-0.2081825811711724,11.231585158488997,-113.33002379109155
-0.2081825811711724,11.231585158488997,-113.33002379109155
-0.2081825811711724,11.231585158488997,-113.33002379109155
-0.2081825811711724,11.231585158488997,-113.33002379109155
-0.2081825811711724,11.231585158488997,-113.33002379109155
-0.2081825811711724,11.231585158488997,-113.33002379109155
-0.2081825811711724,11.231585158488997,-113.33002379109155
-0.2081825811711724,11.231585158488997,-113.33002379109155
-0.3468502290699007,11.957018365834983,-102.0506850804563
-0.3468502290699007,11.957018365834983,-102.0506850804563
-0.3468502290699007,11.957018365834983,-102.0506850804563
-0.3468502290699007,11.957018365834983,-102.0506850804563
-0.3468502290699007,11.957018365834983,-102.0506850804563
-0.3468502290699007,11.957018365834983,-102.0506850804563
-0.3468502290699007,11.957018365834983,-102.0506850804563
-0.3468502290699007,11.957018365834983,-102.0506850804563
-0.3468502290699007,11.957018365834983,-102.0506850804563
-0.3468502290699007,11.957018365834983,-102.0506850804563
-0.3468502290699007,11.957018365834983,-102.0506850804563
-0.3468502290699007,11.957018365834983,-102.0506850804563
-0.3468502290699007,11.957018365834983,-102.0506850804563
-0.3468502290699007,11.957018365834983,-102.0506850804563
-0.3468502290699007,11.957018365834983,-102.0506850804563
-0.3468502290699007,11.957018365834983,-102.0506850804563
-0.3468502290699007,11.957018365834983,-102.0506850804563
-0.3468502290699007,11.957018365834983,-102.0506850804563
-0.3468502290699007,11.957018365834983,-102.0506850804563
-0.3468502290699007,11.957018365834983,-102.0506850804563
-0.3468502290699007,11.957018365834983,-102.0506850804563
-0.3468502290699007,11.957018365834983,-102.0506850804563
-0.3468502290699007,11.957018365834983,-102.0506850804563
-0.3468502290699007,11.957018365834983,-102.0506850804563
-0.3468502290699007,11.957018365834983,-102.0506850804563
-0.3468502290699007,11.957018365834983,-102.0506850804563
-0.3468502290699007,11.957018365834983,-102.0506850804563
-0.3468502290699007,11.957018365834983,-102.0506850804563
-0.3468502290699007,11.957018365834983,-102.0506850804563
0.23376213083588482,10.95196160289197,-87.96115355708591
0.23376213083588482,10.95196160289197,-87.96115355708591
0.23376213083588482,10.95196160289197,-87.96115355708591
0.23376213083588482,10.95196160289197,-87.96115355708591
0.23376213083588482,10.95196160289197,-87.96115355708591
0.23376213083588482,10.95196160289197,-87.96115355708591
0.23376213083588482,10.95196160289197,-87.96115355708591
0.23376213083588482,10.95196160289197,-87.96115355708591
0.23376213083588482,10.95196160289197,-87.96115355708591
0.23376213083588482,10.95196160289197,-87.96115355708591
0.23376213083588482,10.95196160289197,-87.96115355708591
0.23376213083588482,10.95196160289197,-87.96115355708591
0.23376213083588482,10.95196160289197,-87.96115355708591
0.23376213083588482,10.95196160289197,-87.96115355708591
0.23376213083588482,10.95196160289197,-87.96115355708591
0.23376213083588482,10.95196160289197,-87.96115355708591
0.23376213083588482,10.95196160289197,-87.96115355708591
0.23376213083588482,10.95196160289197,-87.96115355708591
0.23376213083588482,10.95196160289197,-87.96115355708591
0.23376213083588482,10.95196160289197,-87.96115355708591
0.23376213083588482,10.95196160289197,-87.96115355708591
0.23376213083588482,10.95196160289197,-87.96115355708591
0.23376213083588482,10.95196160289197,-87.96115355708591
0.23376213083588482,10.95196160289197,-87.96115355708591
0.23376213083588482,10.95196160289197,-87.96115355708591
0.23376213083588482,10.95196160289197,-87.96115355708591
1.7613443032869327,8.417381206120922,-74.9684371861257
1.7613443032869327,8.417381206120922,-74.9684371861257
1.7613443032869327,8.417381206120922,-74.9684371861257
1.7613443032869327,8.417381206120922,-74.9684371861257
1.7613443032869327,8.417381206120922,-74.9684371861257
1.7613443032869327,8.417381206120922,-74.9684371861257
1.7613443032869327,8.417381206120922,-74.9684371861257
1.7613443032869327,8.417381206120922,-74.9684371861257
1.7613443032869327,8.417381206120922,-74.9684371861257
1.7613443032869327,8.417381206120922,-74.9684371861257
1.7613443032869327,8.417381206120922,-74.9684371861257
1.7613443032869327,8.417381206120922,-74.9684371861257
1.7613443032869327,8.417381206120922,-74.9684371861257
1.7613443032869327,8.417381206120922,-74.9684371861257
1.7613443032869327,8.417381206120922,-74.9684371861257
1.7613443032869327,8.417381206120922,-74.9684371861257
1.7613443032869327,8.417381206120922,-74.9684371861257
1.7613443032869327,8.417381206120922,-74.9684371861257
1.7613443032869327,8.417381206120922,-74.9684371861257
1.7613443032869327,8.417381206120922,-74.9684371861257
1.7613443032869327,8.417381206120922,-74.9684371861257
1.7613443032869327,8.417381206120922,-74.9684371861257
1.7613443032869327,8.417381206120922,-74.9684371861257
1.7613443032869327,8.417381206120922,-74.9684371861257
1.7613443032869327,8.417381206120922,-74.9684371861257
1.7613443032869327,8.417381206120922,-74.9684371861257
1.7613443032869327,8.417381206120922,-74.9684371861257
1.7613443032869327,8.417381206120922,-74.9684371861257
2.499854510569776,5.409490286892151,-65.10087813487132
2.499854510569776,5.409490286892151,-65.10087813487132
2.499854510569776,5.409490286892151,-65.10087813487132
2.499854510569776,5.409490286892151,-65.10087813487132
2.499854510569776,5.409490286892151,-65.10087813487132
2.499854510569776,5.409490286892151,-65.10087813487132
2.499854510569776,5.409490286892151,-65.10087813487132
2.499854510569776,5.409490286892151,-65.10087813487132
2.499854510569776,5.409490286892151,-65.10087813487132
2.499854510569776,5.409490286892151,-65.10087813487132
2.499854510569776,5.409490286892151,-65.10087813487132
2.499854510569776,5.409490286892151,-65.10087813487132
2.499854510569776,5.409490286892151,-65.10087813487132
2.499854510569776,5.409490286892151,-65.10087813487132
2.499854510569776,5.409490286892151,-65.10087813487132
2.499854510569776,5.409490286892151,-65.10087813487132
2.499854510569776,5.409490286892151,-65.10087813487132
2.499854510569776,5.409490286892151,-65.10087813487132
2.499854510569776,5.409490286892151,-65.10087813487132
2.499854510569776,5.409490286892151,-65.10087813487132
2.499854510569776,5.409490286892151,-65.10087813487132
2.499854510569776,5.409490286892151,-65.10087813487132
2.499854510569776,5.409490286892151,-65.10087813487132
2.499854510569776,5.409490286892151,-65.10087813487132
2.499854510569776,5.409490286892151,-65.10087813487132
2.499854510569776,5.409490286892151,-65.10087813487132
2.499854510569776,5.409490286892151,-65.10087813487132
2.499854510569776,5.409490286892151,-65.10087813487132
2.499854510569776,5.409490286892151,-65.10087813487132
2.499854510569776,5.409490286892151,-65.10087813487132
2.499854510569776,5.409490286892151,-65.10087813487132
2.7416321923161604,3.8114839791795703,-57.55623883636823
2.7416321923161604,3.8114839791795703,-57.55623883636823
2.7416321923161604,3.8114839791795703,-57.55623883636823
2.7416321923161604,3.8114839791795703,-57.55623883636823
2.7416321923161604,3.8114839791795703,-57.55623883636823
2.7416321923161604,3.8114839791795703,-57.55623883636823
2.7416321923161604,3.8114839791795703,-57.55623883636823
2.7416321923161604,3.8114839791795703,-57.55623883636823
2.7416321923161604,3.8114839791795703,-57.55623883636823
2.7416321923161604,3.8114839791795703,-57.55623883636823
2.7416321923161604,3.8114839791795703,-57.55623883636823
2.7416321923161604,3.8114839791795703,-57.55623883636823
2.7416321923161604,3.8114839791795703,-57.55623883636823
2.7416321923161604,3.8114839791795703,-57.55623883636823
2.7416321923161604,3.8114839791795703,-57.55623883636823
2.7416321923161604,3.8114839791795703,-57.55623883636823
2.7416321923161604,3.8114839791795703,-57.55623883636823
2.7416321923161604,3.8114839791795703,-57.55623883636823
2.7416321923161604,3.8114839791795703,-57.55623883636823
2.7416321923161604,3.8114839791795703,-57.55623883636823
2.7416321923161604,3.8114839791795703,-57.55623883636823
2.7416321923161604,3.8114839791795703,-57.55623883636823
2.7416321923161604,3.8114839791795703,-57.55623883636823
2.7416321923161604,3.8114839791795703,-57.55623883636823
2.7416321923161604,3.8114839791795703,-57.55623883636823
2.7416321923161604,3.8114839791795703,-57.55623883636823
2.7416321923161604,3.8114839791795703,-57.55623883636823
2.7416321923161604,3.8114839791795703,-57.55623883636823
2.7416321923161604,3.8114839791795703,-57.55623883636823
2.7416321923161604,3.8114839791795703,-57.55623883636823
2.6561432235911298,4.501036756662188,-50.90118103090026
2.6561432235911298,4.501036756662188,-50.90118103090026
2.6561432235911298,4.501036756662188,-50.90118103090026
2.6561432235911298,4.501036756662188,-50.90118103090026
2.6561432235911298,4.501036756662188,-50.90118103090026
2.6561432235911298,4.501036756662188,-50.90118103090026
2.6561432235911298,4.501036756662188,-50.90118103090026
2.6561432235911298,4.501036756662188,-50.90118103090026
2.6561432235911298,4.501036756662188,-50.90118103090026
2.6561432235911298,4.501036756662188,-50.90118103090026
2.6561432235911298,4.501036756662188,-50.90118103090026
2.6561432235911298,4.501036756662188,-50.90118103090026
2.6561432235911298,4.501036756662188,-50.90118103090026
2.6561432235911298,4.501036756662188,-50.90118103090026
2.6561432235911298,4.501036756662188,-50.90118103090026
2.6561432235911298,4.501036756662188,-50.90118103090026
2.6561432235911298,4.501036756662188,-50.90118103090026
2.6561432235911298,4.501036756662188,-50.90118103090026
2.6561432235911298,4.501036756662188,-50.90118103090026
2.6561432235911298,4.501036756662188,-50.90118103090026
2.6561432235911298,4.501036756662188,-50.90118103090026
2.6561432235911298,4.501036756662188,-50.90118103090026
2.6561432235911298,4.501036756662188,-50.90118103090026
2.6561432235911298,4.501036756662188,-50.90118103090026
2.6561432235911298,4.501036756662188,-50.90118103090026
2.6561432235911298,4.501036756662188,-50.90118103090026
2.6561432235911298,4.501036756662188,-50.90118103090026
2.6561432235911298,4.501036756662188,-50.90118103090026
2.6561432235911298,4.501036756662188,-50.90118103090026
2.6561432235911298,4.501036756662188,-50.90118103090026
2.445069538836492,5.933207572920196,-49.55093521743372
2.445069538836492,5.933207572920196,-49.55093521743372
2.445069538836492,5.933207572920196,-49.55093521743372
2.445069538836492,5.933207572920196,-49.55093521743372
2.445069538836492,5.933207572920196,-49.55093521743372
2.445069538836492,5.933207572920196,-49.55093521743372
2.445069538836492,5.933207572920196,-49.55093521743372
2.445069538836492,5.933207572920196,-49.55093521743372
2.445069538836492,5.933207572920196,-49.55093521743372
2.445069538836492,5.933207572920196,-49.55093521743372
2.445069538836492,5.933207572920196,-49.55093521743372
2.445069538836492,5.933207572920196,-49.55093521743372
2.445069538836492,5.933207572920196,-49.55093521743372
2.445069538836492,5.933207572920196,-49.55093521743372
2.445069538836492,5.933207572920196,-49.55093521743372
2.445069538836492,5.933207572920196,-49.55093521743372
2.445069538836492,5.933207572920196,-49.55093521743372
2.445069538836492,5.933207572920196,-49.55093521743372
2.445069538836492,5.933207572920196,-49.55093521743372
2.445069538836492,5.933207572920196,-49.55093521743372
2.445069538836492,5.933207572920196,-49.55093521743372
2.445069538836492,5.933207572920196,-49.55093521743372
2.445069538836492,5.933207572920196,-49.55093521743372
2.445069538836492,5.933207572920196,-49.55093521743372
2.445069538836492,5.933207572920196,-49.55093521743372
2.445069538836492,5.933207572920196,-49.55093521743372
2.445069538836492,5.933207572920196,-49.55093521743372
2.6250206257526543,6.343195974033733,-55.258771477579515
2.6250206257526543,6.343195974033733,-55.258771477579515
2.6250206257526543,6.343195974033733,-55.258771477579515
2.6250206257526543,6.343195974033733,-55.258771477579515
2.6250206257526543,6.343195974033733,-55.258771477579515
2.6250206257526543,6.343195974033733,-55.258771477579515
2.6250206257526543,6.343195974033733,-55.258771477579515
2.6250206257526543,6.343195974033733,-55.258771477579515
2.6250206257526543,6.343195974033733,-55.258771477579515
2.6250206257526543,6.343195974033733,-55.258771477579515
2.6250206257526543,6.343195974033733,-55.258771477579515
2.6250206257526543,6.343195974033733,-55.258771477579515
2.6250206257526543,6.343195974033733,-55.258771477579515
2.6250206257526543,6.343195974033733,-55.258771477579515
2.6250206257526543,6.343195974033733,-55.258771477579515
2.6250206257526543,6.343195974033733,-55.258771477579515
2.6250206257526543,6.343195974033733,-55.258771477579515
2.6250206257526543,6.343195974033733,-55.258771477579515
2.6250206257526543,6.343195974033733,-55.258771477579515
2.6250206257526543,6.343195974033733,-55.258771477579515
2.6250206257526543,6.343195974033733,-55.258771477579515
2.6250206257526543,6.343195974033733,-55.258771477579515
2.6250206257526543,6.343195974033733,-55.258771477579515
2.6250206257526543,6.343195974033733,-55.258771477579515
2.6250206257526543,6.343195974033733,-55.258771477579515
2.6250206257526543,6.343195974033733,-55.258771477579515
2.6250206257526543,6.343195974033733,-55.258771477579515
2.6250206257526543,6.343195974033733,-55.258771477579515
2.6250206257526543,6.343195974033733,-55.258771477579515
3.6032292486640927,5.546443590442436,-66.17988851189996
3.6032292486640927,5.546443590442436,-66.17988851189996
3.6032292486640927,5.546443590442436,-66.17988851189996
3.6032292486640927,5.546443590442436,-66.17988851189996
3.6032292486640927,5.546443590442436,-66.17988851189996
3.6032292486640927,5.546443590442436,-66.17988851189996
3.6032292486640927,5.546443590442436,-66.17988851189996
3.6032292486640927,5.546443590442436,-66.17988851189996
3.6032292486640927,5.546443590442436,-66.17988851189996
3.6032292486640927,5.546443590442436,-66.17988851189996
3.6032292486640927,5.546443590442436,-66.17988851189996
3.6032292486640927,5.546443590442436,-66.17988851189996
3.6032292486640927,5.546443590442436,-66.17988851189996
3.6032292486640927,5.546443590442436,-66.17988851189996
3.6032292486640927,5.546443590442436,-66.17988851189996
3.6032292486640927,5.546443590442436,-66.17988851189996
3.6032292486640927,5.546443590442436,-66.17988851189996
3.6032292486640927,5.546443590442436,-66.17988851189996
3.6032292486640927,5.546443590442436,-66.17988851189996
3.6032292486640927,5.546443590442436,-66.17988851189996
3.6032292486640927,5.546443590442436,-66.17988851189996
3.6032292486640927,5.546443590442436,-66.17988851189996
3.6032292486640927,5.546443590442436,-66.17988851189996
3.6032292486640927,5.546443590442436,-66.17988851189996
3.6032292486640927,5.546443590442436,-66.17988851189996
3.6032292486640927,5.546443590442436,-66.17988851189996
3.6032292486640927,5.546443590442436,-66.17988851189996
3.6032292486640927,5.546443590442436,-66.17988851189996
3.6032292486640927,5.546443590442436,-66.17988851189996
3.6032292486640927,5.546443590442436,-66.17988851189996
3.6032292486640927,5.546443590442436,-66.17988851189996
4.901241989233881,4.300046298401412,-80.6680105606946
4.901241989233881,4.300046298401412,-80.6680105606946
4.901241989233881,4.300046298401412,-80.6680105606946
4.901241989233881,4.300046298401412,-80.6680105606946
4.901241989233881,4.300046298401412,-80.6680105606946
4.901241989233881,4.300046298401412,-80.6680105606946
4.901241989233881,4.300046298401412,-80.6680105606946
4.901241989233881,4.300046298401412,-80.6680105606946
4.901241989233881,4.300046298401412,-80.6680105606946
4.901241989233881,4.300046298401412,-80.6680105606946
4.901241989233881,4.300046298401412,-80.6680105606946
4.901241989233881,4.300046298401412,-80.6680105606946
4.901241989233881,4.300046298401412,-80.6680105606946
4.901241989233881,4.300046298401412,-80.6680105606946
4.901241989233881,4.300046298401412,-80.6680105606946
4.901241989233881,4.300046298401412,-80.6680105606946
4.901241989233881,4.300046298401412,-80.6680105606946
4.901241989233881,4.300046298401412,-80.6680105606946
4.901241989233881,4.300046298401412,-80.6680105606946
4.901241989233881,4.300046298401412,-80.6680105606946
4.901241989233881,4.300046298401412,-80.6680105606946
4.901241989233881,4.300046298401412,-80.6680105606946
4.901241989233881,4.300046298401412,-80.6680105606946
4.901241989233881,4.300046298401412,-80.6680105606946
4.901241989233881,4.300046298401412,-80.6680105606946
4.601672923435672,3.602406801886559,-94.46478111909977
4.601672923435672,3.602406801886559,-94.46478111909977
4.601672923435672,3.602406801886559,-94.46478111909977
4.601672923435672,3.602406801886559,-94.46478111909977
4.601672923435672,3.602406801886559,-94.46478111909977
4.601672923435672,3.602406801886559,-94.46478111909977
4.601672923435672,3.602406801886559,-94.46478111909977
4.601672923435672,3.602406801886559,-94.46478111909977
4.601672923435672,3.602406801886559,-94.46478111909977
4.601672923435672,3.602406801886559,-94.46478111909977
4.601672923435672,3.602406801886559,-94.46478111909977
4.601672923435672,3.602406801886559,-94.46478111909977
4.601672923435672,3.602406801886559,-94.46478111909977
4.601672923435672,3.602406801886559,-94.46478111909977
4.601672923435672,3.602406801886559,-94.46478111909977
4.601672923435672,3.602406801886559,-94.46478111909977
4.601672923435672,3.602406801886559,-94.46478111909977
4.601672923435672,3.602406801886559,-94.46478111909977
4.601672923435672,3.602406801886559,-94.46478111909977
4.601672923435672,3.602406801886559,-94.46478111909977
4.601672923435672,3.602406801886559,-94.46478111909977
3.1272703310525003,4.165132188748203,-104.01418414796962
3.1272703310525003,4.165132188748203,-104.01418414796962
3.1272703310525003,4.165132188748203,-104.01418414796962
3.1272703310525003,4.165132188748203,-104.01418414796962
3.1272703310525003,4.165132188748203,-104.01418414796962
3.1272703310525003,4.165132188748203,-104.01418414796962
3.1272703310525003,4.165132188748203,-104.01418414796962
3.1272703310525003,4.165132188748203,-104.01418414796962
3.1272703310525003,4.165132188748203,-104.01418414796962
3.1272703310525003,4.165132188748203,-104.01418414796962
3.1272703310525003,4.165132188748203,-104.01418414796962
3.1272703310525003,4.165132188748203,-104.01418414796962
3.1272703310525003,4.165132188748203,-104.01418414796962
3.1272703310525003,4.165132188748203,-104.01418414796962
3.1272703310525003,4.165132188748203,-104.01418414796962
3.1272703310525003,4.165132188748203,-104.01418414796962
3.1272703310525003,4.165132188748203,-104.01418414796962
3.1272703310525003,4.165132188748203,-104.01418414796962
3.1272703310525003,4.165132188748203,-104.01418414796962
3.1272703310525003,4.165132188748203,-104.01418414796962
1.360688910031854,5.802866965397811,-111.06520380771937
1.360688910031854,5.802866965397811,-111.06520380771937
1.360688910031854,5.802866965397811,-111.06520380771937
1.360688910031854,5.802866965397811,-111.06520380771937
1.360688910031854,5.802866965397811,-111.06520380771937
1.360688910031854,5.802866965397811,-111.06520380771937
1.360688910031854,5.802866965397811,-111.06520380771937
1.360688910031854,5.802866965397811,-111.06520380771937
1.360688910031854,5.802866965397811,-111.06520380771937
1.360688910031854,5.802866965397811,-111.06520380771937
1.360688910031854,5.802866965397811,-111.06520380771937
