8.111271769044606
8.111271769044606
8.111271769044606
8.111271769044606
8.111271769044606
8.111271769044606
8.111271769044606
8.111271769044606
8.111271769044606
8.111271769044606
8.111271769044606
8.111271769044606
8.111271769044606
8.111271769044606
8.111271769044606
8.111271769044606
8.111271769044606
8.111271769044606
8.111271769044606
8.111271769044606
8.111271769044606
8.111271769044606
8.024047378156347
8.024047378156347
8.024047378156347
8.024047378156347
8.024047378156347
8.024047378156347
8.024047378156347
8.024047378156347
8.024047378156347
8.024047378156347
8.024047378156347
8.024047378156347
8.024047378156347
8.024047378156347
8.024047378156347
8.024047378156347
8.024047378156347
8.024047378156347
8.024047378156347
8.024047378156347
8.024047378156347
8.024047378156347
8.024047378156347
8.024047378156347
8.47974268167038
8.47974268167038
8.47974268167038
8.47974268167038
8.47974268167038
8.47974268167038
8.47974268167038
8.47974268167038
8.47974268167038
8.47974268167038
8.47974268167038
8.47974268167038
8.47974268167038
8.47974268167038
8.47974268167038
8.47974268167038
8.47974268167038
8.47974268167038
8.47974268167038
8.47974268167038
8.47974268167038
8.47974268167038
8.47974268167038
8.47974268167038
8.488261515130553
8.488261515130553
8.488261515130553
8.488261515130553
8.488261515130553
8.488261515130553
8.488261515130553
8.488261515130553
8.488261515130553
8.488261515130553
8.488261515130553
8.488261515130553
8.488261515130553
8.488261515130553
8.488261515130553
8.488261515130553
8.488261515130553
8.488261515130553
8.488261515130553
8.488261515130553
8.488261515130553
8.488261515130553
8.488261515130553
8.488261515130553
8.571392679066307
8.571392679066307
8.571392679066307
8.571392679066307
8.571392679066307
8.571392679066307
8.571392679066307
8.571392679066307
8.571392679066307
8.571392679066307
8.571392679066307
8.571392679066307
8.571392679066307
8.571392679066307
8.571392679066307
8.571392679066307
8.571392679066307
8.571392679066307
8.571392679066307
8.571392679066307
8.571392679066307
8.571392679066307
8.571392679066307
8.571392679066307
8.571392679066307
8.571392679066307
5.243903374073504
5.243903374073504
5.243903374073504
5.243903374073504
5.243903374073504
5.243903374073504
5.243903374073504
5.243903374073504
5.243903374073504
5.243903374073504
5.243903374073504
5.243903374073504
5.243903374073504
5.243903374073504
5.243903374073504
5.243903374073504
5.243903374073504
5.243903374073504
5.243903374073504
5.243903374073504
5.243903374073504
5.243903374073504
5.243903374073504
5.243903374073504
5.243903374073504
5.243903374073504
5.243903374073504
-4.799873418143271
-4.799873418143271
-4.799873418143271
-4.799873418143271
-4.799873418143271
-4.799873418143271
-4.799873418143271
-4.799873418143271
-4.799873418143271
-4.799873418143271
-4.799873418143271
-4.799873418143271
-4.799873418143271
-4.799873418143271
-4.799873418143271
-4.799873418143271
-4.799873418143271
-4.799873418143271
-4.799873418143271
-4.799873418143271
-4.799873418143271
-4.799873418143271
-4.799873418143271
-4.799873418143271
-4.799873418143271
-4.799873418143271
-4.799873418143271
-22.372121135916295
-22.372121135916295
-22.372121135916295
-22.372121135916295
-22.372121135916295
-22.372121135916295
-22.372121135916295
-22.372121135916295
-22.372121135916295
-22.372121135916295
-22.372121135916295
-22.372121135916295
-22.372121135916295
-22.372121135916295
-22.372121135916295
-22.372121135916295
-22.372121135916295
-22.372121135916295
-22.372121135916295
-22.372121135916295
-22.372121135916295
-22.372121135916295
-22.372121135916295
-22.372121135916295
-22.372121135916295
-22.372121135916295
-45.29542913305173
-45.29542913305173
-45.29542913305173
-45.29542913305173
-45.29542913305173
-45.29542913305173
-45.29542913305173
-45.29542913305173
-45.29542913305173
-45.29542913305173
-45.29542913305173
-45.29542913305173
-45.29542913305173
-45.29542913305173
-45.29542913305173
-45.29542913305173
-45.29542913305173
-45.29542913305173
-45.29542913305173
-45.29542913305173
-45.29542913305173
-45.29542913305173
-45.29542913305173
-45.29542913305173
-45.29542913305173
-45.29542913305173
-45.29542913305173
-45.29542913305173
-66.31311549848758
-66.31311549848758
-66.31311549848758
-66.31311549848758
-66.31311549848758
-66.31311549848758
-66.31311549848758
-66.31311549848758
-66.31311549848758
-66.31311549848758
-66.31311549848758
-66.31311549848758
-66.31311549848758
-66.31311549848758
-66.31311549848758
-66.31311549848758
-66.31311549848758
-66.31311549848758
-66.31311549848758
-66.31311549848758
-66.31311549848758
-66.31311549848758
-66.31311549848758
-66.31311549848758
-66.31311549848758
-81.56363441696985
-81.56363441696985
-81.56363441696985
-81.56363441696985
-81.56363441696985
-81.56363441696985
-81.56363441696985
-81.56363441696985
-81.56363441696985
-81.56363441696985
-81.56363441696985
-81.56363441696985
-81.56363441696985
-81.56363441696985
-81.56363441696985
-81.56363441696985
-81.56363441696985
-81.56363441696985
-81.56363441696985
-81.56363441696985
-81.56363441696985
-81.56363441696985
-81.56363441696985
-81.56363441696985
-81.56363441696985
-81.56363441696985
-81.56363441696985
-90.72491660280483
-90.72491660280483
-90.72491660280483
-90.72491660280483
-90.72491660280483
-90.72491660280483
-90.72491660280483
-90.72491660280483
-90.72491660280483
-90.72491660280483
-90.72491660280483
-90.72491660280483
-90.72491660280483
-90.72491660280483
-90.72491660280483
-90.72491660280483
-90.72491660280483
-90.72491660280483
-90.72491660280483
-90.72491660280483
-90.72491660280483
-90.72491660280483
-90.72491660280483
-93.01587119281749
-93.01587119281749
-93.01587119281749
-93.01587119281749
-93.01587119281749
-93.01587119281749
-93.01587119281749
-93.01587119281749
-93.01587119281749
-93.01587119281749
-93.01587119281749
-93.01587119281749
-93.01587119281749
-93.01587119281749
-93.01587119281749
-93.01587119281749
-93.01587119281749
-93.01587119281749
-93.01587119281749
-93.01587119281749
-93.01587119281749
-93.01587119281749
-93.01587119281749
-93.01587119281749
-93.01587119281749
-93.01587119281749
-89.38919177512848
-89.38919177512848
-89.38919177512848
-89.38919177512848
-89.38919177512848
-89.38919177512848
-89.38919177512848
-89.38919177512848
-89.38919177512848
-89.38919177512848
-89.38919177512848
-89.38919177512848
-89.38919177512848
-89.38919177512848
-89.38919177512848
-89.38919177512848
-89.38919177512848
-89.38919177512848
-89.38919177512848
-89.38919177512848
-89.38919177512848
-89.38919177512848
-89.38919177512848
-89.38919177512848
-89.38919177512848
-89.38919177512848
-89.38919177512848
-89.38919177512848
-89.38919177512848
-89.38919177512848
-89.38919177512848
-75.1159661153613
-75.1159661153613
-75.1159661153613
-75.1159661153613
-75.1159661153613
-75.1159661153613
-75.1159661153613
-75.1159661153613
-75.1159661153613
-75.1159661153613
-75.1159661153613
-75.1159661153613
-75.1159661153613
-75.1159661153613
-75.1159661153613
-75.1159661153613
-75.1159661153613
-75.1159661153613
-75.1159661153613
-75.1159661153613
-75.1159661153613
-75.1159661153613
-75.1159661153613
-75.1159661153613
-75.1159661153613
-75.1159661153613
-60.58076294643607
-60.58076294643607
-60.58076294643607
-60.58076294643607
-60.58076294643607
-60.58076294643607
-60.58076294643607
-60.58076294643607
-60.58076294643607
-60.58076294643607
-60.58076294643607
-60.58076294643607
-60.58076294643607
-60.58076294643607
-60.58076294643607
-60.58076294643607
-60.58076294643607
-60.58076294643607
-60.58076294643607
-60.58076294643607
-60.58076294643607
-60.58076294643607
-60.58076294643607
-60.58076294643607
-60.58076294643607
-60.58076294643607
-45.30317005843773
-45.30317005843773
-45.30317005843773
-45.30317005843773
-45.30317005843773
-45.30317005843773
-45.30317005843773
-45.30317005843773
-45.30317005843773
-45.30317005843773
-45.30317005843773
-45.30317005843773
-45.30317005843773
-45.30317005843773
-45.30317005843773
-45.30317005843773
-45.30317005843773
-45.30317005843773
-45.30317005843773
-45.30317005843773
-45.30317005843773
-45.30317005843773
-45.30317005843773
-45.30317005843773
-45.30317005843773
-45.30317005843773
-45.30317005843773
-45.30317005843773
-45.30317005843773
-45.30317005843773
-32.247910771004
-32.247910771004
-32.247910771004
-32.247910771004
-32.247910771004
-32.247910771004
-32.247910771004
-32.247910771004
-32.247910771004
-32.247910771004
-32.247910771004
-32.247910771004
-32.247910771004
-32.247910771004
-32.247910771004
-32.247910771004
-32.247910771004
-32.247910771004
-32.247910771004
-32.247910771004
-32.247910771004
-32.247910771004
-32.247910771004
-32.247910771004
-32.247910771004
-32.247910771004
-32.247910771004
-32.247910771004
-22.89129577485307
-22.89129577485307
-22.89129577485307
-22.89129577485307
-22.89129577485307
-22.89129577485307
-22.89129577485307
-22.89129577485307
-22.89129577485307
-22.89129577485307
-22.89129577485307
-22.89129577485307
-22.89129577485307
-22.89129577485307
-22.89129577485307
-22.89129577485307
-22.89129577485307
-22.89129577485307
-22.89129577485307
-22.89129577485307
-22.89129577485307
-22.89129577485307
-18.04756919148204
-18.04756919148204
-18.04756919148204
-18.04756919148204
-18.04756919148204
-18.04756919148204
-18.04756919148204
-18.04756919148204
-18.04756919148204
-18.04756919148204
-18.04756919148204
-18.04756919148204
-18.04756919148204
-18.04756919148204
-18.04756919148204
-18.04756919148204
-18.04756919148204
-18.04756919148204
-18.04756919148204
-18.04756919148204
-18.04756919148204
-18.04756919148204
-18.04756919148204
-18.04756919148204
-18.04756919148204
-23.39417003471275
-23.39417003471275
-23.39417003471275
-23.39417003471275
-23.39417003471275
-23.39417003471275
-23.39417003471275
-23.39417003471275
-23.39417003471275
-23.39417003471275
-23.39417003471275
-23.39417003471275
-23.39417003471275
-23.39417003471275
-23.39417003471275
-23.39417003471275
-23.39417003471275
-23.39417003471275
-23.39417003471275
-23.39417003471275
-23.39417003471275
-23.39417003471275
-23.39417003471275
-23.39417003471275
-33.058333592180745
-33.058333592180745
-33.058333592180745
-33.058333592180745
-33.058333592180745
-33.058333592180745
-33.058333592180745
-33.058333592180745
-33.058333592180745
-33.058333592180745
-33.058333592180745
-33.058333592180745
-33.058333592180745
-33.058333592180745
-33.058333592180745
-33.058333592180745
-33.058333592180745
-33.058333592180745
-33.058333592180745
-33.058333592180745
-33.058333592180745
-33.058333592180745
-33.058333592180745
-46.98051990062176
-46.98051990062176
-46.98051990062176
-46.98051990062176
-46.98051990062176
-46.98051990062176
-46.98051990062176
-46.98051990062176
-46.98051990062176
-46.98051990062176
-46.98051990062176
-46.98051990062176
-46.98051990062176
-46.98051990062176
-46.98051990062176
-46.98051990062176
-46.98051990062176
-46.98051990062176
-46.98051990062176
-46.98051990062176
-46.98051990062176
-46.98051990062176
-46.98051990062176
-46.98051990062176
-63.23008706444386
-63.23008706444386
-63.23008706444386
-63.23008706444386
-63.23008706444386
-63.23008706444386
-63.23008706444386
-63.23008706444386
-63.23008706444386
-63.23008706444386
-63.23008706444386
-63.23008706444386
-63.23008706444386
-63.23008706444386
-63.23008706444386
-63.23008706444386
-63.23008706444386
-63.23008706444386
-63.23008706444386
-63.23008706444386
-63.23008706444386
-63.23008706444386
-63.23008706444386
-63.23008706444386
-63.23008706444386
-63.23008706444386
-63.23008706444386
-77.2839966117237
-77.2839966117237
-77.2839966117237
-77.2839966117237
-77.2839966117237
-77.2839966117237
-77.2839966117237
-77.2839966117237
-77.2839966117237
-77.2839966117237
-77.2839966117237
-77.2839966117237
-77.2839966117237
-77.2839966117237
-77.2839966117237
-77.2839966117237
-77.2839966117237
-77.2839966117237
-77.2839966117237
-77.2839966117237
-77.2839966117237
-77.2839966117237
-77.2839966117237
-77.2839966117237
-77.2839966117237
-77.2839966117237
-77.2839966117237
-77.2839966117237
-87.21996684848173
-87.21996684848173
-87.21996684848173
-87.21996684848173
-87.21996684848173
-87.21996684848173
-87.21996684848173
-87.21996684848173
-87.21996684848173
-87.21996684848173
-87.21996684848173
-87.21996684848173
-87.21996684848173
-87.21996684848173
-87.21996684848173
-87.21996684848173
-87.21996684848173
-87.21996684848173
-87.21996684848173
-87.21996684848173
-87.21996684848173
-87.21996684848173
-87.21996684848173
-87.21996684848173
-87.21996684848173
-87.21996684848173
-87.21996684848173
-93.53212906841296
-93.53212906841296
-93.53212906841296
-93.53212906841296
-93.53212906841296
-93.53212906841296
-93.53212906841296
-93.53212906841296
-93.53212906841296
-93.53212906841296
-93.53212906841296
-93.53212906841296
-93.53212906841296
-93.53212906841296
-93.53212906841296
-93.53212906841296
-93.53212906841296
-93.53212906841296
-93.53212906841296
-93.53212906841296
-93.53212906841296
-93.53212906841296
-93.53212906841296
-93.53212906841296
-89.52623964001366
-89.52623964001366
-89.52623964001366
-89.52623964001366
-89.52623964001366
-89.52623964001366
-89.52623964001366
-89.52623964001366
-89.52623964001366
-89.52623964001366
-89.52623964001366
-89.52623964001366
-89.52623964001366
-89.52623964001366
-89.52623964001366
-89.52623964001366
-89.52623964001366
-89.52623964001366
-89.52623964001366
-89.52623964001366
-89.52623964001366
-89.52623964001366
-89.52623964001366
-89.52623964001366
-89.52623964001366
-89.52623964001366
-78.67796310654762
-78.67796310654762
-78.67796310654762
-78.67796310654762
-78.67796310654762
-78.67796310654762
-78.67796310654762
-78.67796310654762
-78.67796310654762
-78.67796310654762
-78.67796310654762
-78.67796310654762
-78.67796310654762
-78.67796310654762
-78.67796310654762
-78.67796310654762
-78.67796310654762
-78.67796310654762
-78.67796310654762
-78.67796310654762
-78.67796310654762
-78.67796310654762
-78.67796310654762
-78.67796310654762
-78.67796310654762
-78.67796310654762
-78.67796310654762
-78.67796310654762
-78.67796310654762
-78.67796310654762
-78.67796310654762
-63.669807828877964
-63.669807828877964
-63.669807828877964
-63.669807828877964
-63.669807828877964
-63.669807828877964
-63.669807828877964
-63.669807828877964
-63.669807828877964
-63.669807828877964
-63.669807828877964
-63.669807828877964
-63.669807828877964
-63.669807828877964
-63.669807828877964
-63.669807828877964
-63.669807828877964
-63.669807828877964
-63.669807828877964
-63.669807828877964
-63.669807828877964
-63.669807828877964
-63.669807828877964
-63.669807828877964
-63.669807828877964
-63.669807828877964
-63.669807828877964
-63.669807828877964
-40.72673425637947
-40.72673425637947
-40.72673425637947
-40.72673425637947
-40.72673425637947
-40.72673425637947
-40.72673425637947
-40.72673425637947
-40.72673425637947
-40.72673425637947
-40.72673425637947
-40.72673425637947
-40.72673425637947
-40.72673425637947
-40.72673425637947
-40.72673425637947
-40.72673425637947
-40.72673425637947
-40.72673425637947
-40.72673425637947
-40.72673425637947
-40.72673425637947
-40.72673425637947
-40.72673425637947
-40.72673425637947
-40.72673425637947
-40.72673425637947
-40.72673425637947
-40.72673425637947
-40.72673425637947
-26.442597959570087
-26.442597959570087
-26.442597959570087
-26.442597959570087
-26.442597959570087
-26.442597959570087
-26.442597959570087
-26.442597959570087
-26.442597959570087
-26.442597959570087
-26.442597959570087
-26.442597959570087
-26.442597959570087
-26.442597959570087
-26.442597959570087
-26.442597959570087
-26.442597959570087
-26.442597959570087
-26.442597959570087
-26.442597959570087
-26.442597959570087
-26.442597959570087
-26.442597959570087
-26.442597959570087
-26.442597959570087
-26.442597959570087
-26.442597959570087
-26.442597959570087
-26.442597959570087
-15.710628062927519
-15.710628062927519
-15.710628062927519
-15.710628062927519
-15.710628062927519
-15.710628062927519
-15.710628062927519
-15.710628062927519
-15.710628062927519
-15.710628062927519
-15.710628062927519
-15.710628062927519
-15.710628062927519
-15.710628062927519
-15.710628062927519
-15.710628062927519
-15.710628062927519
-15.710628062927519
-15.710628062927519
-15.710628062927519
-15.710628062927519
-15.710628062927519
-15.710628062927519
-15.710628062927519
-15.710628062927519
-15.710628062927519
-15.710628062927519
-17.87611478005622
-17.87611478005622
-17.87611478005622
-17.87611478005622
-17.87611478005622
-17.87611478005622
-17.87611478005622
-17.87611478005622
-17.87611478005622
-17.87611478005622
-17.87611478005622
-17.87611478005622
-17.87611478005622
-17.87611478005622
-17.87611478005622
-17.87611478005622
-17.87611478005622
-17.87611478005622
-17.87611478005622
-17.87611478005622
-17.87611478005622
-17.87611478005622
-17.87611478005622
-17.87611478005622
-17.87611478005622
-17.87611478005622
-17.87611478005622
-17.87611478005622
-28.527771345090557
-28.527771345090557
-28.527771345090557
-28.527771345090557
-28.527771345090557
-28.527771345090557
-28.527771345090557
-28.527771345090557
-28.527771345090557
-28.527771345090557
-28.527771345090557
-28.527771345090557
-28.527771345090557
-28.527771345090557
-28.527771345090557
-28.527771345090557
-28.527771345090557
-28.527771345090557
-28.527771345090557
-28.527771345090557
-28.527771345090557
-28.527771345090557
-28.527771345090557
-28.527771345090557
-28.527771345090557
-28.527771345090557
-28.527771345090557
-28.527771345090557
-42.822300605931964
-42.822300605931964
-42.822300605931964
-42.822300605931964
-42.822300605931964
-42.822300605931964
-42.822300605931964
-42.822300605931964
-42.822300605931964
-42.822300605931964
-42.822300605931964
-42.822300605931964
-42.822300605931964
-42.822300605931964
-42.822300605931964
-42.822300605931964
-42.822300605931964
-42.822300605931964
-42.822300605931964
-42.822300605931964
-42.822300605931964
-42.822300605931964
-42.822300605931964
-42.822300605931964
-42.822300605931964
-42.822300605931964
-42.822300605931964
-42.822300605931964
-42.822300605931964
-42.822300605931964
-42.822300605931964
-42.822300605931964
-42.822300605931964
-42.822300605931964
-42.822300605931964
-42.822300605931964
-42.822300605931964
-42.822300605931964
-42.822300605931964
-42.822300605931964
-42.822300605931964
-42.822300605931964
-42.822300605931964
-42.822300605931964
-42.822300605931964
-42.822300605931964
-66.2386942253504
-66.2386942253504
-66.2386942253504
-66.2386942253504
-66.2386942253504
-66.2386942253504
-66.2386942253504
-66.2386942253504
-66.2386942253504
-66.2386942253504
-66.2386942253504
-66.2386942253504
-66.2386942253504
-66.2386942253504
-66.2386942253504
-66.2386942253504
-66.2386942253504
-66.2386942253504
-66.2386942253504
-66.2386942253504
-66.2386942253504
-66.2386942253504
-66.2386942253504
-66.2386942253504
-66.2386942253504
-66.2386942253504
-66.2386942253504
-66.2386942253504
-66.2386942253504
-66.2386942253504
-80.44624637298222
-80.44624637298222
-80.44624637298222
-80.44624637298222
-80.44624637298222
-80.44624637298222
-80.44624637298222
-80.44624637298222
-80.44624637298222
-80.44624637298222
-80.44624637298222
-80.44624637298222
-80.44624637298222
-80.44624637298222
-80.44624637298222
-80.44624637298222
-80.44624637298222
-80.44624637298222
-80.44624637298222
-80.44624637298222
-80.44624637298222
-80.44624637298222
-80.44624637298222
-80.44624637298222
-80.44624637298222
-80.44624637298222
-80.44624637298222
-80.44624637298222
-80.44624637298222
-89.31649954796006
-89.31649954796006
-89.31649954796006
-89.31649954796006
-89.31649954796006
-89.31649954796006
-89.31649954796006
-89.31649954796006
-89.31649954796006
-89.31649954796006
-89.31649954796006
-89.31649954796006
-89.31649954796006
-89.31649954796006
-89.31649954796006
-89.31649954796006
-89.31649954796006
-89.31649954796006
-89.31649954796006
-89.31649954796006
-89.31649954796006
-89.31649954796006
-89.31649954796006
-89.31649954796006
-89.31649954796006
-89.31649954796006
-89.31649954796006
-89.31649954796006
-89.31649954796006
-89.31649954796006
-92.27088540341568
-92.27088540341568
-92.27088540341568
-92.27088540341568
-92.27088540341568
-92.27088540341568
-92.27088540341568
-92.27088540341568
-92.27088540341568
-92.27088540341568
-92.27088540341568
-92.27088540341568
-92.27088540341568
-92.27088540341568
-92.27088540341568
-92.27088540341568
-92.27088540341568
-92.27088540341568
-92.27088540341568
-92.27088540341568
-92.27088540341568
-92.27088540341568
-92.27088540341568
-92.27088540341568
-92.27088540341568
-92.27088540341568
-92.27088540341568
-92.27088540341568
-92.27088540341568
-88.45078169892844
-88.45078169892844
-88.45078169892844
-88.45078169892844
-88.45078169892844
-88.45078169892844
-88.45078169892844
-88.45078169892844
-88.45078169892844
-88.45078169892844
-88.45078169892844
-88.45078169892844
-88.45078169892844
-88.45078169892844
-88.45078169892844
-88.45078169892844
-88.45078169892844
-88.45078169892844
-88.45078169892844
-88.45078169892844
-88.45078169892844
-88.45078169892844
-88.45078169892844
-88.45078169892844
-88.45078169892844
-88.45078169892844
-88.45078169892844
-88.45078169892844
-88.45078169892844
-78.3680873030643
-78.3680873030643
-78.3680873030643
-78.3680873030643
-78.3680873030643
-78.3680873030643
-78.3680873030643
-78.3680873030643
-78.3680873030643
-78.3680873030643
-78.3680873030643
-78.3680873030643
-78.3680873030643
-78.3680873030643
-78.3680873030643
-78.3680873030643
-78.3680873030643
-78.3680873030643
-78.3680873030643
-78.3680873030643
-78.3680873030643
-78.3680873030643
-78.3680873030643
-78.3680873030643
-78.3680873030643
-78.3680873030643
-78.3680873030643
-78.3680873030643
-78.3680873030643
-78.3680873030643
-78.3680873030643
-78.3680873030643
-56.010528486773595
-56.010528486773595
-56.010528486773595
-56.010528486773595
-56.010528486773595
-56.010528486773595
-56.010528486773595
-56.010528486773595
-56.010528486773595
-56.010528486773595
-56.010528486773595
-56.010528486773595
-56.010528486773595
-56.010528486773595
-56.010528486773595
-56.010528486773595
-56.010528486773595
-56.010528486773595
-56.010528486773595
-56.010528486773595
-56.010528486773595
-56.010528486773595
-56.010528486773595
-56.010528486773595
-56.010528486773595
-56.010528486773595
-56.010528486773595
-56.010528486773595
-56.010528486773595
-56.010528486773595
-56.010528486773595
-34.61021341467195
-34.61021341467195
-34.61021341467195
-34.61021341467195
-34.61021341467195
-34.61021341467195
-34.61021341467195
-34.61021341467195
-34.61021341467195
-34.61021341467195
-34.61021341467195
-34.61021341467195
-34.61021341467195
-34.61021341467195
-34.61021341467195
-34.61021341467195
-34.61021341467195
-34.61021341467195
-34.61021341467195
-34.61021341467195
-34.61021341467195
-34.61021341467195
-34.61021341467195
-34.61021341467195
-34.61021341467195
-34.61021341467195
-34.61021341467195
-34.61021341467195
-34.61021341467195
-21.978379238930096
-21.978379238930096
-21.978379238930096
-21.978379238930096
-21.978379238930096
-21.978379238930096
-21.978379238930096
-21.978379238930096
-21.978379238930096
-21.978379238930096
-21.978379238930096
-21.978379238930096
-21.978379238930096
-21.978379238930096
-21.978379238930096
-21.978379238930096
-21.978379238930096
-21.978379238930096
-21.978379238930096
-21.978379238930096
-21.978379238930096
-21.978379238930096
-21.978379238930096
-21.978379238930096
-21.978379238930096
-21.978379238930096
-21.978379238930096
-21.978379238930096
-14.246197070075759
-14.246197070075759
-14.246197070075759
-14.246197070075759
-14.246197070075759
-14.246197070075759
-14.246197070075759
-14.246197070075759
-14.246197070075759
-14.246197070075759
-14.246197070075759
-14.246197070075759
-14.246197070075759
-14.246197070075759
-14.246197070075759
-14.246197070075759
-14.246197070075759
-14.246197070075759
-14.246197070075759
-14.246197070075759
-14.246197070075759
-14.246197070075759
-14.246197070075759
-14.246197070075759
-14.246197070075759
-14.246197070075759
-14.246197070075759
-14.246197070075759
-14.246197070075759
-14.246197070075759
-14.246197070075759
-18.601274562364765
-18.601274562364765
-18.601274562364765
-18.601274562364765
-18.601274562364765
-18.601274562364765
-18.601274562364765
-18.601274562364765
-18.601274562364765
-18.601274562364765
-18.601274562364765
-18.601274562364765
-18.601274562364765
-18.601274562364765
-18.601274562364765
-18.601274562364765
-18.601274562364765
-18.601274562364765
-18.601274562364765
-18.601274562364765
-18.601274562364765
-18.601274562364765
-18.601274562364765
-18.601274562364765
-18.601274562364765
-18.601274562364765
-18.601274562364765
-18.601274562364765
-30.121005652654638
-30.121005652654638
-30.121005652654638
-30.121005652654638
-30.121005652654638
-30.121005652654638
-30.121005652654638
-30.121005652654638
-30.121005652654638
-30.121005652654638
-30.121005652654638
-30.121005652654638
-30.121005652654638
-30.121005652654638
-30.121005652654638
-30.121005652654638
-30.121005652654638
-30.121005652654638
-30.121005652654638
-30.121005652654638
-30.121005652654638
-30.121005652654638
-30.121005652654638
-30.121005652654638
-30.121005652654638
-30.121005652654638
-30.121005652654638
-30.121005652654638
-30.121005652654638
-45.81591673646546
-45.81591673646546
-45.81591673646546
-45.81591673646546
-45.81591673646546
-45.81591673646546
-45.81591673646546
-45.81591673646546
-45.81591673646546
-45.81591673646546
-45.81591673646546
-45.81591673646546
-45.81591673646546
-45.81591673646546
-45.81591673646546
-45.81591673646546
-45.81591673646546
-45.81591673646546
-45.81591673646546
-45.81591673646546
-45.81591673646546
-45.81591673646546
-45.81591673646546
-45.81591673646546
-45.81591673646546
-45.81591673646546
-45.81591673646546
-45.81591673646546
-63.915918983576105
-63.915918983576105
-63.915918983576105
-63.915918983576105
-63.915918983576105
-63.915918983576105
-63.915918983576105
-63.915918983576105
-63.915918983576105
-63.915918983576105
-63.915918983576105
-63.915918983576105
-63.915918983576105
-63.915918983576105
-63.915918983576105
-63.915918983576105
-63.915918983576105
-63.915918983576105
-63.915918983576105
-63.915918983576105
-63.915918983576105
-63.915918983576105
-63.915918983576105
-63.915918983576105
-63.915918983576105
-63.915918983576105
-63.915918983576105
-63.915918983576105
-63.915918983576105
-78.1713813450866
-78.1713813450866
-78.1713813450866
-78.1713813450866
-78.1713813450866
-78.1713813450866
-78.1713813450866
-78.1713813450866
-78.1713813450866
-78.1713813450866
-78.1713813450866
-78.1713813450866
-78.1713813450866
-78.1713813450866
-78.1713813450866
-78.1713813450866
-78.1713813450866
-78.1713813450866
-78.1713813450866
-78.1713813450866
-78.1713813450866
-78.1713813450866
-78.1713813450866
-78.1713813450866
-78.1713813450866
-78.1713813450866
-78.1713813450866
-89.64712596906375
-89.64712596906375
-89.64712596906375
-89.64712596906375
-89.64712596906375
-89.64712596906375
-89.64712596906375
-89.64712596906375
-89.64712596906375
-89.64712596906375
-89.64712596906375
-89.64712596906375
-89.64712596906375
-89.64712596906375
-89.64712596906375
-89.64712596906375
-89.64712596906375
-89.64712596906375
-89.64712596906375
-89.64712596906375
-89.64712596906375
-89.64712596906375
-89.64712596906375
-89.64712596906375
-89.64712596906375
-89.64712596906375
-89.64712596906375
-89.64712596906375
-92.64300246247095
-92.64300246247095
-92.64300246247095
-92.64300246247095
-92.64300246247095
-92.64300246247095
-92.64300246247095
-92.64300246247095
-92.64300246247095
-92.64300246247095
-92.64300246247095
-92.64300246247095
-92.64300246247095
-92.64300246247095
-92.64300246247095
-92.64300246247095
-92.64300246247095
-92.64300246247095
-92.64300246247095
-92.64300246247095
-92.64300246247095
-92.64300246247095
-92.64300246247095
-92.64300246247095
-92.64300246247095
-92.64300246247095
-92.64300246247095
-87.85025103390787
-87.85025103390787
-87.85025103390787
-87.85025103390787
-87.85025103390787
-87.85025103390787
-87.85025103390787
-87.85025103390787
-87.85025103390787
-87.85025103390787
-87.85025103390787
-87.85025103390787
-87.85025103390787
-87.85025103390787
-87.85025103390787
-87.85025103390787
-87.85025103390787
-87.85025103390787
-87.85025103390787
-87.85025103390787
-87.85025103390787
-87.85025103390787
-87.85025103390787
-87.85025103390787
-87.85025103390787
-87.85025103390787
-87.85025103390787
-87.85025103390787
-87.85025103390787
-69.55154477125897
-69.55154477125897
-69.55154477125897
-69.55154477125897
-69.55154477125897
-69.55154477125897
-69.55154477125897
-69.55154477125897
-69.55154477125897
-69.55154477125897
-69.55154477125897
-69.55154477125897
-69.55154477125897
-69.55154477125897
-69.55154477125897
-69.55154477125897
-69.55154477125897
-69.55154477125897
-69.55154477125897
-69.55154477125897
-69.55154477125897
-69.55154477125897
-69.55154477125897
-69.55154477125897
-69.55154477125897
-69.55154477125897
-69.55154477125897
-69.55154477125897
-52.30107952217701
-52.30107952217701
-52.30107952217701
-52.30107952217701
-52.30107952217701
-52.30107952217701
-52.30107952217701
-52.30107952217701
-52.30107952217701
-52.30107952217701
-52.30107952217701
-52.30107952217701
-52.30107952217701
-52.30107952217701
-52.30107952217701
-52.30107952217701
-52.30107952217701
-52.30107952217701
-52.30107952217701
-52.30107952217701
-52.30107952217701
-52.30107952217701
-52.30107952217701
-52.30107952217701
-52.30107952217701
-52.30107952217701
-37.39503127214285
-37.39503127214285
-37.39503127214285
-37.39503127214285
-37.39503127214285
-37.39503127214285
-37.39503127214285
-37.39503127214285
-37.39503127214285
-37.39503127214285
-37.39503127214285
-37.39503127214285
-37.39503127214285
-37.39503127214285
-37.39503127214285
-37.39503127214285
-37.39503127214285
-37.39503127214285
-37.39503127214285
-37.39503127214285
-37.39503127214285
-37.39503127214285
-37.39503127214285
-37.39503127214285
-37.39503127214285
-37.39503127214285
-37.39503127214285
-37.39503127214285
-37.39503127214285
-37.39503127214285
-25.625376013688232
-25.625376013688232
-25.625376013688232
-25.625376013688232
-25.625376013688232
-25.625376013688232
-25.625376013688232
-25.625376013688232
-25.625376013688232
-25.625376013688232
-25.625376013688232
-25.625376013688232
-25.625376013688232
-25.625376013688232
-25.625376013688232
-25.625376013688232
-25.625376013688232
-25.625376013688232
-25.625376013688232
-25.625376013688232
-25.625376013688232
-25.625376013688232
-25.625376013688232
-25.625376013688232
-25.625376013688232
-25.625376013688232
-16.246208151257783
-16.246208151257783
-16.246208151257783
-16.246208151257783
-16.246208151257783
-16.246208151257783
-16.246208151257783
-16.246208151257783
-16.246208151257783
-16.246208151257783
-16.246208151257783
-16.246208151257783
-16.246208151257783
-16.246208151257783
-16.246208151257783
-16.246208151257783
-16.246208151257783
-16.246208151257783
-16.246208151257783
-16.246208151257783
-16.246208151257783
-16.246208151257783
-16.246208151257783
-16.246208151257783
-16.246208151257783
-16.246208151257783
-16.246208151257783
-14.93876183382455
-14.93876183382455
-14.93876183382455
-14.93876183382455
-14.93876183382455
-14.93876183382455
-14.93876183382455
-14.93876183382455
-14.93876183382455
-14.93876183382455
-14.93876183382455
-14.93876183382455
-14.93876183382455
-14.93876183382455
-14.93876183382455
-14.93876183382455
-14.93876183382455
-14.93876183382455
-14.93876183382455
-14.93876183382455
-14.93876183382455
-14.93876183382455
-14.93876183382455
-14.93876183382455
-14.93876183382455
-14.93876183382455
-14.93876183382455
-14.93876183382455
-14.93876183382455
-14.93876183382455
-14.93876183382455
-23.545537650185814
-23.545537650185814
-23.545537650185814
-23.545537650185814
-23.545537650185814
-23.545537650185814
-23.545537650185814
-23.545537650185814
-23.545537650185814
-23.545537650185814
-23.545537650185814
-23.545537650185814
-23.545537650185814
-23.545537650185814
-23.545537650185814
-23.545537650185814
-23.545537650185814
-23.545537650185814
-23.545537650185814
-23.545537650185814
-23.545537650185814
-23.545537650185814
-23.545537650185814
-23.545537650185814
-23.545537650185814
-23.545537650185814
-23.545537650185814
-23.545537650185814
-37.52106588291664
-37.52106588291664
-37.52106588291664
-37.52106588291664
-37.52106588291664
-37.52106588291664
-37.52106588291664
-37.52106588291664
-37.52106588291664
-37.52106588291664
-37.52106588291664
-37.52106588291664
-37.52106588291664
-37.52106588291664
-37.52106588291664
-37.52106588291664
-37.52106588291664
-37.52106588291664
-37.52106588291664
-37.52106588291664
-37.52106588291664
-37.52106588291664
-37.52106588291664
-37.52106588291664
-37.52106588291664
-37.52106588291664
-37.52106588291664
-55.733439152272176
-55.733439152272176
-55.733439152272176
-55.733439152272176
-55.733439152272176
-55.733439152272176
-55.733439152272176
-55.733439152272176
-55.733439152272176
-55.733439152272176
-55.733439152272176
-55.733439152272176
-55.733439152272176
-55.733439152272176
-55.733439152272176
-55.733439152272176
-55.733439152272176
-55.733439152272176
-55.733439152272176
-55.733439152272176
-55.733439152272176
-55.733439152272176
-55.733439152272176
-55.733439152272176
-55.733439152272176
-55.733439152272176
-55.733439152272176
-55.733439152272176
-55.733439152272176
-55.733439152272176
-72.73692516686559
-72.73692516686559
-72.73692516686559
-72.73692516686559
-72.73692516686559
-72.73692516686559
-72.73692516686559
-72.73692516686559
-72.73692516686559
-72.73692516686559
-72.73692516686559
-72.73692516686559
-72.73692516686559
-72.73692516686559
-72.73692516686559
-72.73692516686559
-72.73692516686559
-72.73692516686559
-72.73692516686559
-72.73692516686559
-72.73692516686559
-72.73692516686559
-72.73692516686559
-72.73692516686559
-72.73692516686559
-72.73692516686559
-84.45225500835821
-84.45225500835821
-84.45225500835821
-84.45225500835821
-84.45225500835821
-84.45225500835821
-84.45225500835821
-84.45225500835821
-84.45225500835821
-84.45225500835821
-84.45225500835821
-84.45225500835821
-84.45225500835821
-84.45225500835821
-84.45225500835821
-84.45225500835821
-84.45225500835821
-84.45225500835821
-84.45225500835821
-84.45225500835821
-84.45225500835821
-84.45225500835821
-84.45225500835821
-84.45225500835821
-84.45225500835821
-84.45225500835821
-84.45225500835821
-84.45225500835821
-84.45225500835821
-92.54857204226175
-92.54857204226175
-92.54857204226175
-92.54857204226175
-92.54857204226175
-92.54857204226175
-92.54857204226175
-92.54857204226175
-92.54857204226175
-92.54857204226175
-92.54857204226175
-92.54857204226175
-92.54857204226175
-92.54857204226175
-92.54857204226175
-92.54857204226175
-92.54857204226175
-92.54857204226175
-92.54857204226175
-92.54857204226175
-92.54857204226175
-92.54857204226175
-92.54857204226175
-92.54857204226175
-92.54857204226175
-92.54857204226175
-92.54857204226175
-97.43819039164654
-97.43819039164654
-97.43819039164654
-97.43819039164654
-97.43819039164654
-97.43819039164654
-97.43819039164654
-97.43819039164654
-97.43819039164654
-97.43819039164654
-97.43819039164654
-97.43819039164654
-97.43819039164654
-97.43819039164654
-97.43819039164654
-97.43819039164654
-97.43819039164654
-97.43819039164654
-97.43819039164654
-97.43819039164654
-97.43819039164654
-97.43819039164654
-97.43819039164654
-97.43819039164654
-95.04050657299712
-95.04050657299712
-95.04050657299712
-95.04050657299712
-95.04050657299712
-95.04050657299712
-95.04050657299712
-95.04050657299712
-95.04050657299712
-95.04050657299712
-95.04050657299712
-95.04050657299712
-95.04050657299712
-95.04050657299712
-95.04050657299712
-95.04050657299712
-95.04050657299712
-95.04050657299712
-95.04050657299712
-95.04050657299712
-95.04050657299712
-95.04050657299712
-95.04050657299712
-95.04050657299712
-95.04050657299712
-95.04050657299712
-77.88799397338093
-77.88799397338093
-77.88799397338093
-77.88799397338093
-77.88799397338093
-77.88799397338093
-77.88799397338093
-77.88799397338093
-77.88799397338093
-77.88799397338093
-77.88799397338093
-77.88799397338093
-77.88799397338093
-77.88799397338093
-77.88799397338093
-77.88799397338093
-77.88799397338093
-77.88799397338093
-77.88799397338093
-77.88799397338093
-77.88799397338093
-77.88799397338093
-77.88799397338093
-77.88799397338093
-77.88799397338093
-77.88799397338093
-77.88799397338093
-77.88799397338093
-77.88799397338093
-59.96195258237477
-59.96195258237477
-59.96195258237477
-59.96195258237477
-59.96195258237477
-59.96195258237477
-59.96195258237477
-59.96195258237477
-59.96195258237477
-59.96195258237477
-59.96195258237477
-59.96195258237477
-59.96195258237477
-59.96195258237477
-59.96195258237477
-59.96195258237477
-59.96195258237477
-59.96195258237477
-59.96195258237477
-59.96195258237477
-59.96195258237477
-59.96195258237477
-59.96195258237477
-59.96195258237477
-59.96195258237477
-59.96195258237477
-59.96195258237477
-59.96195258237477
-59.96195258237477
-43.66667248943044
-43.66667248943044
-43.66667248943044
-43.66667248943044
-43.66667248943044
-43.66667248943044
-43.66667248943044
-43.66667248943044
-43.66667248943044
-43.66667248943044
-43.66667248943044
-43.66667248943044
-43.66667248943044
-43.66667248943044
-43.66667248943044
-43.66667248943044
-43.66667248943044
-43.66667248943044
-43.66667248943044
-43.66667248943044
-43.66667248943044
-43.66667248943044
-43.66667248943044
-43.66667248943044
-43.66667248943044
-43.66667248943044
-43.66667248943044
-43.66667248943044
-30.87031539475874
-30.87031539475874
-30.87031539475874
-30.87031539475874
-30.87031539475874
-30.87031539475874
-30.87031539475874
-30.87031539475874
-30.87031539475874
-30.87031539475874
-30.87031539475874
-30.87031539475874
-30.87031539475874
-30.87031539475874
-30.87031539475874
-30.87031539475874
-30.87031539475874
-30.87031539475874
-30.87031539475874
-30.87031539475874
-30.87031539475874
-30.87031539475874
-30.87031539475874
-30.87031539475874
-30.87031539475874
-30.87031539475874
-30.87031539475874
-30.87031539475874
-20.67434114568902
-20.67434114568902
-20.67434114568902
-20.67434114568902
-20.67434114568902
-20.67434114568902
-20.67434114568902
-20.67434114568902
-20.67434114568902
-20.67434114568902
-20.67434114568902
-20.67434114568902
-20.67434114568902
-20.67434114568902
-20.67434114568902
-20.67434114568902
-20.67434114568902
-20.67434114568902
-20.67434114568902
-20.67434114568902
-20.67434114568902
-20.67434114568902
-20.67434114568902
-20.67434114568902
-20.67434114568902
-20.67434114568902
-20.67434114568902
-20.67434114568902
-17.009835692147504
-17.009835692147504
-17.009835692147504
-17.009835692147504
-17.009835692147504
-17.009835692147504
-17.009835692147504
-17.009835692147504
-17.009835692147504
-17.009835692147504
-17.009835692147504
-17.009835692147504
-17.009835692147504
-17.009835692147504
-17.009835692147504
-17.009835692147504
-17.009835692147504
-17.009835692147504
-17.009835692147504
-17.009835692147504
-17.009835692147504
-17.009835692147504
-17.009835692147504
-17.009835692147504
-17.009835692147504
-17.009835692147504
-22.29912499031792
-22.29912499031792
-22.29912499031792
-22.29912499031792
-22.29912499031792
-22.29912499031792
-22.29912499031792
-22.29912499031792
-22.29912499031792
-22.29912499031792
-22.29912499031792
-22.29912499031792
-22.29912499031792
-22.29912499031792
-22.29912499031792
-22.29912499031792
-22.29912499031792
-22.29912499031792
-22.29912499031792
-22.29912499031792
-22.29912499031792
-22.29912499031792
-22.29912499031792
-22.29912499031792
-22.29912499031792
-22.29912499031792
-22.29912499031792
-22.29912499031792
-33.71704417315734
-33.71704417315734
-33.71704417315734
-33.71704417315734
-33.71704417315734
-33.71704417315734
-33.71704417315734
-33.71704417315734
-33.71704417315734
-33.71704417315734
-33.71704417315734
-33.71704417315734
-33.71704417315734
-33.71704417315734
-33.71704417315734
-33.71704417315734
-33.71704417315734
-33.71704417315734
-33.71704417315734
-33.71704417315734
-33.71704417315734
-33.71704417315734
-33.71704417315734
-33.71704417315734
-33.71704417315734
-33.71704417315734
-33.71704417315734
-48.553584413030606
-48.553584413030606
-48.553584413030606
-48.553584413030606
-48.553584413030606
-48.553584413030606
-48.553584413030606
-48.553584413030606
-48.553584413030606
-48.553584413030606
-48.553584413030606
-48.553584413030606
-48.553584413030606
-48.553584413030606
-48.553584413030606
-48.553584413030606
-48.553584413030606
-48.553584413030606
-48.553584413030606
-48.553584413030606
-48.553584413030606
-48.553584413030606
-48.553584413030606
-48.553584413030606
-48.553584413030606
-48.553584413030606
-48.553584413030606
-48.553584413030606
-48.553584413030606
-66.22008411287155
-66.22008411287155
-66.22008411287155
-66.22008411287155
-66.22008411287155
-66.22008411287155
-66.22008411287155
-66.22008411287155
-66.22008411287155
-66.22008411287155
-66.22008411287155
-66.22008411287155
-66.22008411287155
-66.22008411287155
-66.22008411287155
-66.22008411287155
-66.22008411287155
-66.22008411287155
-66.22008411287155
-66.22008411287155
-66.22008411287155
-66.22008411287155
-66.22008411287155
-66.22008411287155
-66.22008411287155
-66.22008411287155
-66.22008411287155
-66.22008411287155
-80.03432792184499
-80.03432792184499
-80.03432792184499
-80.03432792184499
-80.03432792184499
-80.03432792184499
-80.03432792184499
-80.03432792184499
-80.03432792184499
-80.03432792184499
-80.03432792184499
-80.03432792184499
-80.03432792184499
-80.03432792184499
-80.03432792184499
-80.03432792184499
-80.03432792184499
-80.03432792184499
-80.03432792184499
-80.03432792184499
-80.03432792184499
-80.03432792184499
-80.03432792184499
-80.03432792184499
-80.03432792184499
-80.03432792184499
-80.03432792184499
-91.96695040873712
-91.96695040873712
-91.96695040873712
-91.96695040873712
-91.96695040873712
-91.96695040873712
-91.96695040873712
-91.96695040873712
-91.96695040873712
-91.96695040873712
-91.96695040873712
-91.96695040873712
-91.96695040873712
-91.96695040873712
-91.96695040873712
-91.96695040873712
-91.96695040873712
-91.96695040873712
-91.96695040873712
-91.96695040873712
-91.96695040873712
-91.96695040873712
-91.96695040873712
-91.96695040873712
-91.96695040873712
-91.96695040873712
-91.96695040873712
-91.96695040873712
-91.96695040873712
-96.19122432792167
-96.19122432792167
-96.19122432792167
-96.19122432792167
-96.19122432792167
-96.19122432792167
-96.19122432792167
-96.19122432792167
-96.19122432792167
-96.19122432792167
-96.19122432792167
-96.19122432792167
-96.19122432792167
-96.19122432792167
-96.19122432792167
-96.19122432792167
-96.19122432792167
-96.19122432792167
-96.19122432792167
-96.19122432792167
-96.19122432792167
-96.19122432792167
-96.19122432792167
-96.19122432792167
-96.19122432792167
-96.19122432792167
-96.19122432792167
-96.19122432792167
-96.19122432792167
-96.19122432792167
-92.05764574535675
-92.05764574535675
-92.05764574535675
-92.05764574535675
-92.05764574535675
-92.05764574535675
-92.05764574535675
-92.05764574535675
-92.05764574535675
-92.05764574535675
-92.05764574535675
-92.05764574535675
-92.05764574535675
-92.05764574535675
-92.05764574535675
-92.05764574535675
-92.05764574535675
-92.05764574535675
-92.05764574535675
-92.05764574535675
-92.05764574535675
-92.05764574535675
-92.05764574535675
-92.05764574535675
-92.05764574535675
-92.05764574535675
-92.05764574535675
-92.05764574535675
-92.05764574535675
-80.54458297478925
-80.54458297478925
-80.54458297478925
-80.54458297478925
-80.54458297478925
-80.54458297478925
-80.54458297478925
-80.54458297478925
-80.54458297478925
-80.54458297478925
-80.54458297478925
-80.54458297478925
-80.54458297478925
-80.54458297478925
-80.54458297478925
-80.54458297478925
-80.54458297478925
-80.54458297478925
-80.54458297478925
-80.54458297478925
-80.54458297478925
-80.54458297478925
-80.54458297478925
-80.54458297478925
-80.54458297478925
-80.54458297478925
-80.54458297478925
-80.54458297478925
-80.54458297478925
-80.54458297478925
-64.02138125934648
-64.02138125934648
-64.02138125934648
-64.02138125934648
-64.02138125934648
-64.02138125934648
-64.02138125934648
-64.02138125934648
-64.02138125934648
-64.02138125934648
-64.02138125934648
-64.02138125934648
-64.02138125934648
-64.02138125934648
-64.02138125934648
-64.02138125934648
-64.02138125934648
-64.02138125934648
-64.02138125934648
-64.02138125934648
-64.02138125934648
-64.02138125934648
-64.02138125934648
-64.02138125934648
-64.02138125934648
-64.02138125934648
-64.02138125934648
-64.02138125934648
-64.02138125934648
-64.02138125934648
-46.91917281309455
-46.91917281309455
-46.91917281309455
-46.91917281309455
-46.91917281309455
-46.91917281309455
-46.91917281309455
-46.91917281309455
-46.91917281309455
-46.91917281309455
-46.91917281309455
-46.91917281309455
-46.91917281309455
-46.91917281309455
-46.91917281309455
-46.91917281309455
-46.91917281309455
-46.91917281309455
-46.91917281309455
-46.91917281309455
-46.91917281309455
-46.91917281309455
-46.91917281309455
-46.91917281309455
-46.91917281309455
-46.91917281309455
-46.91917281309455
-46.91917281309455
-46.91917281309455
-46.91917281309455
-29.10396720761519
-29.10396720761519
-29.10396720761519
-29.10396720761519
-29.10396720761519
-29.10396720761519
-29.10396720761519
-29.10396720761519
-29.10396720761519
-29.10396720761519
-29.10396720761519
-29.10396720761519
-29.10396720761519
-29.10396720761519
-29.10396720761519
-29.10396720761519
-29.10396720761519
-29.10396720761519
-29.10396720761519
-29.10396720761519
-29.10396720761519
-29.10396720761519
-29.10396720761519
-29.10396720761519
-29.10396720761519
-29.10396720761519
-29.10396720761519
-29.10396720761519
-29.10396720761519
-29.10396720761519
-29.10396720761519
-19.81218464891314
-19.81218464891314
-19.81218464891314
-19.81218464891314
-19.81218464891314
-19.81218464891314
-19.81218464891314
-19.81218464891314
-19.81218464891314
-19.81218464891314
-19.81218464891314
-19.81218464891314
-19.81218464891314
-19.81218464891314
-19.81218464891314
-19.81218464891314
-19.81218464891314
-19.81218464891314
-19.81218464891314
-19.81218464891314
-19.81218464891314
-19.81218464891314
-19.81218464891314
-19.81218464891314
-19.81218464891314
-19.81218464891314
-19.81218464891314
-19.81218464891314
-19.81218464891314
-19.81218464891314
-19.81218464891314
-19.81218464891314
-19.81218464891314
-19.81218464891314
-19.81218464891314
-19.81218464891314
-19.81218464891314
-19.81218464891314
-19.81218464891314
-19.81218464891314
-19.81218464891314
-19.81218464891314
-19.81218464891314
-19.81218464891314
-19.81218464891314
-19.81218464891314
-19.81218464891314
-19.81218464891314
-19.81218464891314
-19.81218464891314
-27.36851782761805
-27.36851782761805
-27.36851782761805
-27.36851782761805
-27.36851782761805
-27.36851782761805
-27.36851782761805
-27.36851782761805
-27.36851782761805
-27.36851782761805
-27.36851782761805
-27.36851782761805
-27.36851782761805
-27.36851782761805
-27.36851782761805
-27.36851782761805
-27.36851782761805
-27.36851782761805
-27.36851782761805
-27.36851782761805
-27.36851782761805
-27.36851782761805
-27.36851782761805
-27.36851782761805
-27.36851782761805
-27.36851782761805
-27.36851782761805
-27.36851782761805
-27.36851782761805
-27.36851782761805
-27.36851782761805
-27.36851782761805
-27.36851782761805
-27.36851782761805
-27.36851782761805
-27.36851782761805
-27.36851782761805
-27.36851782761805
-27.36851782761805
-27.36851782761805
-27.36851782761805
-39.873685446764654
-39.873685446764654
-39.873685446764654
-39.873685446764654
-39.873685446764654
-39.873685446764654
-39.873685446764654
-39.873685446764654
-39.873685446764654
-39.873685446764654
-39.873685446764654
-39.873685446764654
-39.873685446764654
-39.873685446764654
-39.873685446764654
-39.873685446764654
-39.873685446764654
-39.873685446764654
-39.873685446764654
-39.873685446764654
-39.873685446764654
-39.873685446764654
-39.873685446764654
-39.873685446764654
-39.873685446764654
-39.873685446764654
-39.873685446764654
-55.63102709332077
-55.63102709332077
-55.63102709332077
-55.63102709332077
-55.63102709332077
-55.63102709332077
-55.63102709332077
-55.63102709332077
-55.63102709332077
-55.63102709332077
-55.63102709332077
-55.63102709332077
-55.63102709332077
-55.63102709332077
-55.63102709332077
-55.63102709332077
-55.63102709332077
-55.63102709332077
-55.63102709332077
-55.63102709332077
-55.63102709332077
-55.63102709332077
-55.63102709332077
-55.63102709332077
-55.63102709332077
-55.63102709332077
-55.63102709332077
-55.63102709332077
-55.63102709332077
-55.63102709332077
-55.63102709332077
-55.63102709332077
-71.84020869550201
-71.84020869550201
-71.84020869550201
-71.84020869550201
-71.84020869550201
-71.84020869550201
-71.84020869550201
-71.84020869550201
-71.84020869550201
-71.84020869550201
-71.84020869550201
-71.84020869550201
-71.84020869550201
-71.84020869550201
-71.84020869550201
-71.84020869550201
-71.84020869550201
-71.84020869550201
-71.84020869550201
-71.84020869550201
-71.84020869550201
-71.84020869550201
-71.84020869550201
-71.84020869550201
-71.84020869550201
-71.84020869550201
-71.84020869550201
-71.84020869550201
-84.25076334826204
-84.25076334826204
-84.25076334826204
-84.25076334826204
-84.25076334826204
-84.25076334826204
-84.25076334826204
-84.25076334826204
-84.25076334826204
-84.25076334826204
-84.25076334826204
-84.25076334826204
-84.25076334826204
-84.25076334826204
-84.25076334826204
-84.25076334826204
-84.25076334826204
-84.25076334826204
-84.25076334826204
-84.25076334826204
-84.25076334826204
-84.25076334826204
-84.25076334826204
-84.25076334826204
-84.25076334826204
-84.25076334826204
-92.76818245631748
-92.76818245631748
-92.76818245631748
-92.76818245631748
-92.76818245631748
-92.76818245631748
-92.76818245631748
-92.76818245631748
-92.76818245631748
-92.76818245631748
-92.76818245631748
-92.76818245631748
-92.76818245631748
-92.76818245631748
-92.76818245631748
-92.76818245631748
-92.76818245631748
-92.76818245631748
-92.76818245631748
-92.76818245631748
-92.76818245631748
-92.76818245631748
-92.76818245631748
-92.76818245631748
-92.76818245631748
-92.76818245631748
-92.76818245631748
-96.84592621854117
-96.84592621854117
-96.84592621854117
-96.84592621854117
-96.84592621854117
-96.84592621854117
-96.84592621854117
-96.84592621854117
-96.84592621854117
-96.84592621854117
-96.84592621854117
-96.84592621854117
-96.84592621854117
-96.84592621854117
-96.84592621854117
-96.84592621854117
-96.84592621854117
-96.84592621854117
-96.84592621854117
-96.84592621854117
-96.84592621854117
-96.84592621854117
-96.84592621854117
-96.84592621854117
-96.84592621854117
-96.84592621854117
-96.84592621854117
-96.84592621854117
-96.84592621854117
-96.84592621854117
-96.84592621854117
-91.53024975825193
-91.53024975825193
-91.53024975825193
-91.53024975825193
-91.53024975825193
-91.53024975825193
-91.53024975825193
-91.53024975825193
-91.53024975825193
-91.53024975825193
-91.53024975825193
-91.53024975825193
-91.53024975825193
-91.53024975825193
-91.53024975825193
-91.53024975825193
-91.53024975825193
-91.53024975825193
-91.53024975825193
-91.53024975825193
-91.53024975825193
-91.53024975825193
-91.53024975825193
-91.53024975825193
-91.53024975825193
-91.53024975825193
-91.53024975825193
-91.53024975825193
-91.53024975825193
-71.42565136984157
-71.42565136984157
-71.42565136984157
-71.42565136984157
-71.42565136984157
-71.42565136984157
-71.42565136984157
-71.42565136984157
-71.42565136984157
-71.42565136984157
-71.42565136984157
-71.42565136984157
-71.42565136984157
-71.42565136984157
-71.42565136984157
-71.42565136984157
-71.42565136984157
-71.42565136984157
-71.42565136984157
-71.42565136984157
-71.42565136984157
-71.42565136984157
-71.42565136984157
-71.42565136984157
-71.42565136984157
-71.42565136984157
-71.42565136984157
-71.42565136984157
-71.42565136984157
-52.43812753894829
-52.43812753894829
-52.43812753894829
-52.43812753894829
-52.43812753894829
-52.43812753894829
-52.43812753894829
-52.43812753894829
-52.43812753894829
-52.43812753894829
-52.43812753894829
-52.43812753894829
-52.43812753894829
-52.43812753894829
-52.43812753894829
-52.43812753894829
-52.43812753894829
-52.43812753894829
-52.43812753894829
-52.43812753894829
-52.43812753894829
-52.43812753894829
-52.43812753894829
-52.43812753894829
-52.43812753894829
-52.43812753894829
-52.43812753894829
-52.43812753894829
-52.43812753894829
-52.43812753894829
-52.43812753894829
-37.484111359101256
-37.484111359101256
-37.484111359101256
-37.484111359101256
-37.484111359101256
-37.484111359101256
-37.484111359101256
-37.484111359101256
-37.484111359101256
-37.484111359101256
-37.484111359101256
-37.484111359101256
-37.484111359101256
-37.484111359101256
-37.484111359101256
-37.484111359101256
-37.484111359101256
-37.484111359101256
-37.484111359101256
-37.484111359101256
-37.484111359101256
-37.484111359101256
-37.484111359101256
-37.484111359101256
-37.484111359101256
-37.484111359101256
-37.484111359101256
-37.484111359101256
-37.484111359101256
-22.694731214652663
-22.694731214652663
-22.694731214652663
-22.694731214652663
-22.694731214652663
-22.694731214652663
-22.694731214652663
-22.694731214652663
-22.694731214652663
-22.694731214652663
-22.694731214652663
-22.694731214652663
-22.694731214652663
-22.694731214652663
-22.694731214652663
-22.694731214652663
-22.694731214652663
-22.694731214652663
-22.694731214652663
-22.694731214652663
-22.694731214652663
-22.694731214652663
-22.694731214652663
-22.694731214652663
-22.694731214652663
-22.694731214652663
-22.694731214652663
-22.694731214652663
-22.694731214652663
-22.694731214652663
-22.694731214652663
-14.862613647490129
-14.862613647490129
-14.862613647490129
-14.862613647490129
-14.862613647490129
-14.862613647490129
-14.862613647490129
-14.862613647490129
-14.862613647490129
-14.862613647490129
-14.862613647490129
-14.862613647490129
-14.862613647490129
-14.862613647490129
-14.862613647490129
-14.862613647490129
-14.862613647490129
-14.862613647490129
-14.862613647490129
-14.862613647490129
-14.862613647490129
-14.862613647490129
-14.862613647490129
-14.862613647490129
-14.862613647490129
-14.862613647490129
-14.862613647490129
-14.862613647490129
-14.862613647490129
-15.087037836024656
-15.087037836024656
-15.087037836024656
-15.087037836024656
-15.087037836024656
-15.087037836024656
-15.087037836024656
-15.087037836024656
-15.087037836024656
-15.087037836024656
-15.087037836024656
-15.087037836024656
-15.087037836024656
-15.087037836024656
-15.087037836024656
-15.087037836024656
-15.087037836024656
-15.087037836024656
-15.087037836024656
-15.087037836024656
-15.087037836024656
-15.087037836024656
-15.087037836024656
-15.087037836024656
-15.087037836024656
-15.087037836024656
-15.087037836024656
-22.73664195253513
-22.73664195253513
-22.73664195253513
-22.73664195253513
-22.73664195253513
-22.73664195253513
-22.73664195253513
-22.73664195253513
-22.73664195253513
-22.73664195253513
-22.73664195253513
-22.73664195253513
-22.73664195253513
-22.73664195253513
-22.73664195253513
-22.73664195253513
-22.73664195253513
-22.73664195253513
-22.73664195253513
-22.73664195253513
-22.73664195253513
-22.73664195253513
-22.73664195253513
-22.73664195253513
-22.73664195253513
-22.73664195253513
-22.73664195253513
-22.73664195253513
-36.842741470717286
-36.842741470717286
-36.842741470717286
-36.842741470717286
-36.842741470717286
-36.842741470717286
-36.842741470717286
-36.842741470717286
-36.842741470717286
-36.842741470717286
-36.842741470717286
-36.842741470717286
-36.842741470717286
-36.842741470717286
-36.842741470717286
-36.842741470717286
-36.842741470717286
-36.842741470717286
-36.842741470717286
-36.842741470717286
-36.842741470717286
-36.842741470717286
-36.842741470717286
-36.842741470717286
-36.842741470717286
-36.842741470717286
-36.842741470717286
-36.842741470717286
-36.842741470717286
-36.842741470717286
-55.17343691146032
-55.17343691146032
-55.17343691146032
-55.17343691146032
-55.17343691146032
-55.17343691146032
-55.17343691146032
-55.17343691146032
-55.17343691146032
-55.17343691146032
-55.17343691146032
-55.17343691146032
-55.17343691146032
-55.17343691146032
-55.17343691146032
-55.17343691146032
-55.17343691146032
-55.17343691146032
-55.17343691146032
-55.17343691146032
-55.17343691146032
-55.17343691146032
-55.17343691146032
-55.17343691146032
-55.17343691146032
-55.17343691146032
-55.17343691146032
-55.17343691146032
-55.17343691146032
-72.40080944951455
-72.40080944951455
-72.40080944951455
-72.40080944951455
-72.40080944951455
-72.40080944951455
-72.40080944951455
-72.40080944951455
-72.40080944951455
-72.40080944951455
-72.40080944951455
-72.40080944951455
-72.40080944951455
-72.40080944951455
-72.40080944951455
-72.40080944951455
-72.40080944951455
-72.40080944951455
-72.40080944951455
-72.40080944951455
-72.40080944951455
-72.40080944951455
-72.40080944951455
-72.40080944951455
-72.40080944951455
-72.40080944951455
-72.40080944951455
-72.40080944951455
-72.40080944951455
-72.40080944951455
-72.40080944951455
-72.40080944951455
-72.40080944951455
-72.40080944951455
-72.40080944951455
-72.40080944951455
-72.40080944951455
-72.40080944951455
-72.40080944951455
-72.40080944951455
-72.40080944951455
-87.41201725529992
-87.41201725529992
-87.41201725529992
-87.41201725529992
-87.41201725529992
-87.41201725529992
-87.41201725529992
-87.41201725529992
-87.41201725529992
-87.41201725529992
-87.41201725529992
-87.41201725529992
-87.41201725529992
-87.41201725529992
-87.41201725529992
-87.41201725529992
-87.41201725529992
-87.41201725529992
-87.41201725529992
-87.41201725529992
-87.41201725529992
-87.41201725529992
-87.41201725529992
-87.41201725529992
-87.41201725529992
-87.41201725529992
-87.41201725529992
-87.41201725529992
-87.41201725529992
-87.41201725529992
-95.40802757677469
-95.40802757677469
-95.40802757677469
-95.40802757677469
-95.40802757677469
-95.40802757677469
-95.40802757677469
-95.40802757677469
-95.40802757677469
-95.40802757677469
-95.40802757677469
-95.40802757677469
-95.40802757677469
-95.40802757677469
-95.40802757677469
-95.40802757677469
-95.40802757677469
-95.40802757677469
-95.40802757677469
-95.40802757677469
-95.40802757677469
-95.40802757677469
-95.40802757677469
-95.40802757677469
-95.40802757677469
-95.40802757677469
-95.40802757677469
-95.40802757677469
-95.40802757677469
-95.40802757677469
-95.78875779996528
-95.78875779996528
-95.78875779996528
-95.78875779996528
-95.78875779996528
-95.78875779996528
-95.78875779996528
-95.78875779996528
-95.78875779996528
-95.78875779996528
-95.78875779996528
-95.78875779996528
-95.78875779996528
-95.78875779996528
-95.78875779996528
-95.78875779996528
-95.78875779996528
-95.78875779996528
-95.78875779996528
-95.78875779996528
-95.78875779996528
-95.78875779996528
-95.78875779996528
-95.78875779996528
-95.78875779996528
-95.78875779996528
-95.78875779996528
-95.78875779996528
-95.78875779996528
-95.78875779996528
-95.78875779996528
-95.78875779996528
-86.17466852387653
-86.17466852387653
-86.17466852387653
-86.17466852387653
-86.17466852387653
-86.17466852387653
-86.17466852387653
-86.17466852387653
-86.17466852387653
-86.17466852387653
-86.17466852387653
-86.17466852387653
-86.17466852387653
-86.17466852387653
-86.17466852387653
-86.17466852387653
-86.17466852387653
-86.17466852387653
-86.17466852387653
-86.17466852387653
-86.17466852387653
-86.17466852387653
-86.17466852387653
-86.17466852387653
-86.17466852387653
-86.17466852387653
-86.17466852387653
-70.66659641874759
-70.66659641874759
-70.66659641874759
-70.66659641874759
-70.66659641874759
-70.66659641874759
-70.66659641874759
-70.66659641874759
-70.66659641874759
-70.66659641874759
-70.66659641874759
-70.66659641874759
-70.66659641874759
-70.66659641874759
-70.66659641874759
-70.66659641874759
-70.66659641874759
-70.66659641874759
-70.66659641874759
-70.66659641874759
-70.66659641874759
-70.66659641874759
-70.66659641874759
-70.66659641874759
-70.66659641874759
-70.66659641874759
-70.66659641874759
-70.66659641874759
-70.66659641874759
-53.41098510301551
-53.41098510301551
-53.41098510301551
-53.41098510301551
-53.41098510301551
-53.41098510301551
-53.41098510301551
-53.41098510301551
-53.41098510301551
-53.41098510301551
-53.41098510301551
-53.41098510301551
-53.41098510301551
-53.41098510301551
-53.41098510301551
-53.41098510301551
-53.41098510301551
-53.41098510301551
-53.41098510301551
-53.41098510301551
-53.41098510301551
-53.41098510301551
-53.41098510301551
-53.41098510301551
-53.41098510301551
-53.41098510301551
-53.41098510301551
-53.41098510301551
-33.685574132915846
-33.685574132915846
-33.685574132915846
-33.685574132915846
-33.685574132915846
-33.685574132915846
-33.685574132915846
-33.685574132915846
-33.685574132915846
-33.685574132915846
-33.685574132915846
-33.685574132915846
-33.685574132915846
-33.685574132915846
-33.685574132915846
-33.685574132915846
-33.685574132915846
-33.685574132915846
-33.685574132915846
-33.685574132915846
-33.685574132915846
-33.685574132915846
-33.685574132915846
-33.685574132915846
-33.685574132915846
-33.685574132915846
-33.685574132915846
-22.40429636768735
-22.40429636768735
-22.40429636768735
-22.40429636768735
-22.40429636768735
-22.40429636768735
-22.40429636768735
-22.40429636768735
-22.40429636768735
-22.40429636768735
-22.40429636768735
-22.40429636768735
-22.40429636768735
-22.40429636768735
-22.40429636768735
-22.40429636768735
-22.40429636768735
-22.40429636768735
-22.40429636768735
-22.40429636768735
-22.40429636768735
-22.40429636768735
-22.40429636768735
-22.40429636768735
-22.40429636768735
-22.40429636768735
-22.40429636768735
-22.40429636768735
-19.616426823785012
-19.616426823785012
-19.616426823785012
-19.616426823785012
-19.616426823785012
-19.616426823785012
-19.616426823785012
-19.616426823785012
-19.616426823785012
-19.616426823785012
-19.616426823785012
-19.616426823785012
-19.616426823785012
-19.616426823785012
-19.616426823785012
-19.616426823785012
-19.616426823785012
-19.616426823785012
-19.616426823785012
-19.616426823785012
-19.616426823785012
-19.616426823785012
-19.616426823785012
-19.616426823785012
-19.616426823785012
-19.616426823785012
-19.616426823785012
-19.616426823785012
-19.616426823785012
-19.616426823785012
-25.016424550415927
-25.016424550415927
-25.016424550415927
-25.016424550415927
-25.016424550415927
-25.016424550415927
-25.016424550415927
-25.016424550415927
-25.016424550415927
-25.016424550415927
-25.016424550415927
-25.016424550415927
-25.016424550415927
-25.016424550415927
-25.016424550415927
-25.016424550415927
-25.016424550415927
-25.016424550415927
-25.016424550415927
-25.016424550415927
-25.016424550415927
-25.016424550415927
-25.016424550415927
-25.016424550415927
-25.016424550415927
-25.016424550415927
-25.016424550415927
-25.016424550415927
-25.016424550415927
-25.016424550415927
-25.016424550415927
-42.09252542126081
-42.09252542126081
-42.09252542126081
-42.09252542126081
-42.09252542126081
-42.09252542126081
-42.09252542126081
-42.09252542126081
-42.09252542126081
-42.09252542126081
-42.09252542126081
-42.09252542126081
-42.09252542126081
-42.09252542126081
-42.09252542126081
-42.09252542126081
-42.09252542126081
-42.09252542126081
-42.09252542126081
-42.09252542126081
-42.09252542126081
-42.09252542126081
-42.09252542126081
-42.09252542126081
-42.09252542126081
-42.09252542126081
-42.09252542126081
-42.09252542126081
-42.09252542126081
-59.56154667512113
-59.56154667512113
-59.56154667512113
-59.56154667512113
-59.56154667512113
-59.56154667512113
-59.56154667512113
-59.56154667512113
-59.56154667512113
-59.56154667512113
-59.56154667512113
-59.56154667512113
-59.56154667512113
-59.56154667512113
-59.56154667512113
-59.56154667512113
-59.56154667512113
-59.56154667512113
-59.56154667512113
-59.56154667512113
-59.56154667512113
-59.56154667512113
-59.56154667512113
-59.56154667512113
-59.56154667512113
-59.56154667512113
-59.56154667512113
-59.56154667512113
-75.44378426180535
-75.44378426180535
-75.44378426180535
-75.44378426180535
-75.44378426180535
-75.44378426180535
-75.44378426180535
-75.44378426180535
-75.44378426180535
-75.44378426180535
-75.44378426180535
-75.44378426180535
-75.44378426180535
-75.44378426180535
-75.44378426180535
-75.44378426180535
-75.44378426180535
-75.44378426180535
-75.44378426180535
-75.44378426180535
-75.44378426180535
-75.44378426180535
-75.44378426180535
-75.44378426180535
-75.44378426180535
-75.44378426180535
-75.44378426180535
-75.44378426180535
-75.44378426180535
-86.46514186849302
-86.46514186849302
-86.46514186849302
-86.46514186849302
-86.46514186849302
-86.46514186849302
-86.46514186849302
-86.46514186849302
-86.46514186849302
-86.46514186849302
-86.46514186849302
-86.46514186849302
-86.46514186849302
-86.46514186849302
-86.46514186849302
-86.46514186849302
-86.46514186849302
-86.46514186849302
-86.46514186849302
-86.46514186849302
-86.46514186849302
-86.46514186849302
-86.46514186849302
-86.46514186849302
-86.46514186849302
-86.46514186849302
-86.46514186849302
-94.51388013405445
-94.51388013405445
-94.51388013405445
-94.51388013405445
-94.51388013405445
-94.51388013405445
-94.51388013405445
-94.51388013405445
-94.51388013405445
-94.51388013405445
-94.51388013405445
-94.51388013405445
-94.51388013405445
-94.51388013405445
-94.51388013405445
-94.51388013405445
-94.51388013405445
-94.51388013405445
-94.51388013405445
-94.51388013405445
-94.51388013405445
-94.51388013405445
-94.51388013405445
-94.51388013405445
-94.51388013405445
-94.51388013405445
-94.51388013405445
-94.51388013405445
-94.51388013405445
-94.51388013405445
-97.93340880404976
-97.93340880404976
-97.93340880404976
-97.93340880404976
-97.93340880404976
-97.93340880404976
-97.93340880404976
-97.93340880404976
-97.93340880404976
-97.93340880404976
-97.93340880404976
-97.93340880404976
-97.93340880404976
-97.93340880404976
-97.93340880404976
-97.93340880404976
-97.93340880404976
-97.93340880404976
-97.93340880404976
-97.93340880404976
-97.93340880404976
-97.93340880404976
-97.93340880404976
-97.93340880404976
-97.93340880404976
-97.93340880404976
-94.10577638384797
-94.10577638384797
-94.10577638384797
-94.10577638384797
-94.10577638384797
-94.10577638384797
-94.10577638384797
-94.10577638384797
-94.10577638384797
-94.10577638384797
-94.10577638384797
-94.10577638384797
-94.10577638384797
-94.10577638384797
-94.10577638384797
-94.10577638384797
-94.10577638384797
-94.10577638384797
-94.10577638384797
-94.10577638384797
-94.10577638384797
-94.10577638384797
-94.10577638384797
-94.10577638384797
-94.10577638384797
-94.10577638384797
-94.10577638384797
-94.10577638384797
-94.10577638384797
-94.10577638384797
-82.42532439405164
-82.42532439405164
-82.42532439405164
-82.42532439405164
-82.42532439405164
-82.42532439405164
-82.42532439405164
-82.42532439405164
-82.42532439405164
-82.42532439405164
-82.42532439405164
-82.42532439405164
-82.42532439405164
-82.42532439405164
-82.42532439405164
-82.42532439405164
-82.42532439405164
-82.42532439405164
-82.42532439405164
-82.42532439405164
-82.42532439405164
-82.42532439405164
-82.42532439405164
-82.42532439405164
-82.42532439405164
-82.42532439405164
-82.42532439405164
-82.42532439405164
-65.18175700385952
-65.18175700385952
-65.18175700385952
-65.18175700385952
-65.18175700385952
-65.18175700385952
-65.18175700385952
-65.18175700385952
-65.18175700385952
-65.18175700385952
-65.18175700385952
-65.18175700385952
-65.18175700385952
-65.18175700385952
-65.18175700385952
-65.18175700385952
-65.18175700385952
-65.18175700385952
-65.18175700385952
-65.18175700385952
-65.18175700385952
-65.18175700385952
-65.18175700385952
-65.18175700385952
-65.18175700385952
-65.18175700385952
-65.18175700385952
-65.18175700385952
-47.60639662448577
-47.60639662448577
-47.60639662448577
-47.60639662448577
-47.60639662448577
-47.60639662448577
-47.60639662448577
-47.60639662448577
-47.60639662448577
-47.60639662448577
-47.60639662448577
-47.60639662448577
-47.60639662448577
-47.60639662448577
-47.60639662448577
-47.60639662448577
-47.60639662448577
-47.60639662448577
-47.60639662448577
-47.60639662448577
-47.60639662448577
-47.60639662448577
-47.60639662448577
-47.60639662448577
-47.60639662448577
-47.60639662448577
-47.60639662448577
-34.536913900290934
-34.536913900290934
-34.536913900290934
-34.536913900290934
-34.536913900290934
-34.536913900290934
-34.536913900290934
-34.536913900290934
-34.536913900290934
-34.536913900290934
-34.536913900290934
-34.536913900290934
-34.536913900290934
-34.536913900290934
-34.536913900290934
-34.536913900290934
-34.536913900290934
-34.536913900290934
-34.536913900290934
-34.536913900290934
-34.536913900290934
-34.536913900290934
-34.536913900290934
-34.536913900290934
-34.536913900290934
-34.536913900290934
-34.536913900290934
-34.536913900290934
-34.536913900290934
-23.941232350267484
-23.941232350267484
-23.941232350267484
-23.941232350267484
-23.941232350267484
-23.941232350267484
-23.941232350267484
-23.941232350267484
-23.941232350267484
-23.941232350267484
-23.941232350267484
-23.941232350267484
-23.941232350267484
-23.941232350267484
-23.941232350267484
-23.941232350267484
-23.941232350267484
-23.941232350267484
-23.941232350267484
-23.941232350267484
-23.941232350267484
-23.941232350267484
-23.941232350267484
-23.941232350267484
-23.941232350267484
-23.941232350267484
-23.941232350267484
-18.56895989892861
-18.56895989892861
-18.56895989892861
-18.56895989892861
-18.56895989892861
-18.56895989892861
-18.56895989892861
-18.56895989892861
-18.56895989892861
-18.56895989892861
-18.56895989892861
-18.56895989892861
-18.56895989892861
-18.56895989892861
-18.56895989892861
-18.56895989892861
-18.56895989892861
-18.56895989892861
-18.56895989892861
-18.56895989892861
-18.56895989892861
-18.56895989892861
-18.56895989892861
-18.56895989892861
-18.56895989892861
-18.56895989892861
-18.56895989892861
-18.56895989892861
-18.56895989892861
-18.56895989892861
-18.56895989892861
-18.56895989892861
-22.521494556929383
-22.521494556929383
-22.521494556929383
-22.521494556929383
-22.521494556929383
-22.521494556929383
-22.521494556929383
-22.521494556929383
-22.521494556929383
-22.521494556929383
-22.521494556929383
-22.521494556929383
-22.521494556929383
-22.521494556929383
-22.521494556929383
-22.521494556929383
-22.521494556929383
-22.521494556929383
-22.521494556929383
-22.521494556929383
-22.521494556929383
-22.521494556929383
-22.521494556929383
-22.521494556929383
-22.521494556929383
-22.521494556929383
-22.521494556929383
-22.521494556929383
-22.521494556929383
-32.895899332648426
-32.895899332648426
-32.895899332648426
-32.895899332648426
-32.895899332648426
-32.895899332648426
-32.895899332648426
-32.895899332648426
-32.895899332648426
-32.895899332648426
-32.895899332648426
-32.895899332648426
-32.895899332648426
-32.895899332648426
-32.895899332648426
-32.895899332648426
-32.895899332648426
-32.895899332648426
-32.895899332648426
-32.895899332648426
-32.895899332648426
-32.895899332648426
-32.895899332648426
-32.895899332648426
-32.895899332648426
-32.895899332648426
-32.895899332648426
-32.895899332648426
-32.895899332648426
-46.452984964392826
-46.452984964392826
-46.452984964392826
-46.452984964392826
-46.452984964392826
-46.452984964392826
-46.452984964392826
-46.452984964392826
-46.452984964392826
-46.452984964392826
-46.452984964392826
-46.452984964392826
-46.452984964392826
-46.452984964392826
-46.452984964392826
-46.452984964392826
-46.452984964392826
-46.452984964392826
-46.452984964392826
-46.452984964392826
-46.452984964392826
-46.452984964392826
-46.452984964392826
-46.452984964392826
-46.452984964392826
-46.452984964392826
-46.452984964392826
-46.452984964392826
-46.452984964392826
-69.07952964533408
-69.07952964533408
-69.07952964533408
-69.07952964533408
-69.07952964533408
-69.07952964533408
-69.07952964533408
-69.07952964533408
-69.07952964533408
-69.07952964533408
-69.07952964533408
-69.07952964533408
-69.07952964533408
-69.07952964533408
-69.07952964533408
-69.07952964533408
-69.07952964533408
-69.07952964533408
-69.07952964533408
-69.07952964533408
-69.07952964533408
-69.07952964533408
-69.07952964533408
-69.07952964533408
-69.07952964533408
-69.07952964533408
-69.07952964533408
-69.07952964533408
-83.33830980547111
-83.33830980547111
-83.33830980547111
-83.33830980547111
-83.33830980547111
-83.33830980547111
-83.33830980547111
-83.33830980547111
-83.33830980547111
-83.33830980547111
-83.33830980547111
-83.33830980547111
-83.33830980547111
-83.33830980547111
-83.33830980547111
-83.33830980547111
-83.33830980547111
-83.33830980547111
-83.33830980547111
-83.33830980547111
-83.33830980547111
-83.33830980547111
-83.33830980547111
-83.33830980547111
-83.33830980547111
-83.33830980547111
-83.33830980547111
-83.33830980547111
-91.63740292819519
-91.63740292819519
-91.63740292819519
-91.63740292819519
-91.63740292819519
-91.63740292819519
-91.63740292819519
-91.63740292819519
-91.63740292819519
-91.63740292819519
-91.63740292819519
-91.63740292819519
-91.63740292819519
-91.63740292819519
-91.63740292819519
-91.63740292819519
-91.63740292819519
-91.63740292819519
-91.63740292819519
-91.63740292819519
-91.63740292819519
-91.63740292819519
-91.63740292819519
-91.63740292819519
-91.63740292819519
-91.63740292819519
-91.63740292819519
-91.63740292819519
-91.63740292819519
-91.63740292819519
-91.63740292819519
-95.19713545820406
-95.19713545820406
-95.19713545820406
-95.19713545820406
-95.19713545820406
-95.19713545820406
-95.19713545820406
-95.19713545820406
-95.19713545820406
-95.19713545820406
-95.19713545820406
-95.19713545820406
-95.19713545820406
-95.19713545820406
-95.19713545820406
-95.19713545820406
-95.19713545820406
-95.19713545820406
-95.19713545820406
-95.19713545820406
-95.19713545820406
-95.19713545820406
-95.19713545820406
-95.19713545820406
-95.19713545820406
-95.19713545820406
-95.19713545820406
-95.19713545820406
-95.19713545820406
-95.19713545820406
-92.45488919078267
-92.45488919078267
-92.45488919078267
-92.45488919078267
-92.45488919078267
-92.45488919078267
-92.45488919078267
-92.45488919078267
-92.45488919078267
-92.45488919078267
-92.45488919078267
-92.45488919078267
-92.45488919078267
-92.45488919078267
-92.45488919078267
-92.45488919078267
-92.45488919078267
-92.45488919078267
-92.45488919078267
-92.45488919078267
-92.45488919078267
-92.45488919078267
-92.45488919078267
-92.45488919078267
-92.45488919078267
-92.45488919078267
-92.45488919078267
-92.45488919078267
-75.7470407777327
-75.7470407777327
-75.7470407777327
-75.7470407777327
-75.7470407777327
-75.7470407777327
-75.7470407777327
-75.7470407777327
-75.7470407777327
-75.7470407777327
-75.7470407777327
-75.7470407777327
-75.7470407777327
-75.7470407777327
-75.7470407777327
-75.7470407777327
-75.7470407777327
-75.7470407777327
-75.7470407777327
-75.7470407777327
-75.7470407777327
-75.7470407777327
-75.7470407777327
-75.7470407777327
-75.7470407777327
-75.7470407777327
-75.7470407777327
-75.7470407777327
-75.7470407777327
-75.7470407777327
-58.56724741876356
-58.56724741876356
-58.56724741876356
-58.56724741876356
-58.56724741876356
-58.56724741876356
-58.56724741876356
-58.56724741876356
-58.56724741876356
-58.56724741876356
-58.56724741876356
-58.56724741876356
-58.56724741876356
-58.56724741876356
-58.56724741876356
-58.56724741876356
-58.56724741876356
-58.56724741876356
-58.56724741876356
-58.56724741876356
-58.56724741876356
-58.56724741876356
-58.56724741876356
-58.56724741876356
-58.56724741876356
-58.56724741876356
-58.56724741876356
-58.56724741876356
-42.49020311544712
-42.49020311544712
-42.49020311544712
-42.49020311544712
-42.49020311544712
-42.49020311544712
-42.49020311544712
-42.49020311544712
-42.49020311544712
-42.49020311544712
-42.49020311544712
-42.49020311544712
-42.49020311544712
-42.49020311544712
-42.49020311544712
-42.49020311544712
-42.49020311544712
-42.49020311544712
-42.49020311544712
-42.49020311544712
-42.49020311544712
-42.49020311544712
-42.49020311544712
-42.49020311544712
-42.49020311544712
-42.49020311544712
-42.49020311544712
-29.750840710632467
-29.750840710632467
-29.750840710632467
-29.750840710632467
-29.750840710632467
-29.750840710632467
-29.750840710632467
-29.750840710632467
-29.750840710632467
-29.750840710632467
-29.750840710632467
-29.750840710632467
-29.750840710632467
-29.750840710632467
-29.750840710632467
-29.750840710632467
-29.750840710632467
-29.750840710632467
-29.750840710632467
-29.750840710632467
-29.750840710632467
-29.750840710632467
-29.750840710632467
-29.750840710632467
-29.750840710632467
-29.750840710632467
-29.750840710632467
-29.750840710632467
-20.012424643968515
-20.012424643968515
-20.012424643968515
-20.012424643968515
-20.012424643968515
-20.012424643968515
-20.012424643968515
-20.012424643968515
-20.012424643968515
-20.012424643968515
-20.012424643968515
-20.012424643968515
-20.012424643968515
-20.012424643968515
-20.012424643968515
-20.012424643968515
-20.012424643968515
-20.012424643968515
-20.012424643968515
-20.012424643968515
-20.012424643968515
-20.012424643968515
-20.012424643968515
-20.012424643968515
-20.012424643968515
-20.012424643968515
-20.012424643968515
-20.012424643968515
-19.002033643555286
-19.002033643555286
-19.002033643555286
-19.002033643555286
-19.002033643555286
-19.002033643555286
-19.002033643555286
-19.002033643555286
-19.002033643555286
-19.002033643555286
-19.002033643555286
-19.002033643555286
-19.002033643555286
-19.002033643555286
-19.002033643555286
-19.002033643555286
-19.002033643555286
-19.002033643555286
-19.002033643555286
-19.002033643555286
-19.002033643555286
-19.002033643555286
-19.002033643555286
-19.002033643555286
-19.002033643555286
-19.002033643555286
-19.002033643555286
-27.97895980480478
-27.97895980480478
-27.97895980480478
-27.97895980480478
-27.97895980480478
-27.97895980480478
-27.97895980480478
-27.97895980480478
-27.97895980480478
-27.97895980480478
-27.97895980480478
-27.97895980480478
-27.97895980480478
-27.97895980480478
-27.97895980480478
-27.97895980480478
-27.97895980480478
-27.97895980480478
-27.97895980480478
-27.97895980480478
-27.97895980480478
-27.97895980480478
-27.97895980480478
-27.97895980480478
-27.97895980480478
-27.97895980480478
-27.97895980480478
-27.97895980480478
-27.97895980480478
-27.97895980480478
-41.495653033534786
-41.495653033534786
-41.495653033534786
-41.495653033534786
-41.495653033534786
-41.495653033534786
-41.495653033534786
-41.495653033534786
-41.495653033534786
-41.495653033534786
-41.495653033534786
-41.495653033534786
-41.495653033534786
-41.495653033534786
-41.495653033534786
-41.495653033534786
-41.495653033534786
-41.495653033534786
-41.495653033534786
-41.495653033534786
-41.495653033534786
-41.495653033534786
-41.495653033534786
-41.495653033534786
-41.495653033534786
-41.495653033534786
-41.495653033534786
-41.495653033534786
-58.348295527691604
-58.348295527691604
-58.348295527691604
-58.348295527691604
-58.348295527691604
-58.348295527691604
-58.348295527691604
-58.348295527691604
-58.348295527691604
-58.348295527691604
-58.348295527691604
-58.348295527691604
-58.348295527691604
-58.348295527691604
-58.348295527691604
-58.348295527691604
-58.348295527691604
-58.348295527691604
-58.348295527691604
-58.348295527691604
-58.348295527691604
-58.348295527691604
-58.348295527691604
-58.348295527691604
-58.348295527691604
-58.348295527691604
-58.348295527691604
-58.348295527691604
-79.18039133259367
-79.18039133259367
-79.18039133259367
-79.18039133259367
-79.18039133259367
-79.18039133259367
-79.18039133259367
-79.18039133259367
-79.18039133259367
-79.18039133259367
-79.18039133259367
-79.18039133259367
-79.18039133259367
-79.18039133259367
-79.18039133259367
-79.18039133259367
-79.18039133259367
-79.18039133259367
-79.18039133259367
-79.18039133259367
-79.18039133259367
-79.18039133259367
-79.18039133259367
-79.18039133259367
-79.18039133259367
-79.18039133259367
-79.18039133259367
-79.18039133259367
-79.18039133259367
-79.18039133259367
-79.18039133259367
-89.72879789823324
-89.72879789823324
-89.72879789823324
-89.72879789823324
-89.72879789823324
-89.72879789823324
-89.72879789823324
-89.72879789823324
-89.72879789823324
-89.72879789823324
-89.72879789823324
-89.72879789823324
-89.72879789823324
-89.72879789823324
-89.72879789823324
-89.72879789823324
-89.72879789823324
-89.72879789823324
-89.72879789823324
-89.72879789823324
-89.72879789823324
-89.72879789823324
-89.72879789823324
-89.72879789823324
-89.72879789823324
-89.72879789823324
-89.72879789823324
-96.35059651593315
-96.35059651593315
-96.35059651593315
-96.35059651593315
-96.35059651593315
-96.35059651593315
-96.35059651593315
-96.35059651593315
-96.35059651593315
-96.35059651593315
-96.35059651593315
-96.35059651593315
-96.35059651593315
-96.35059651593315
-96.35059651593315
-96.35059651593315
-96.35059651593315
-96.35059651593315
-96.35059651593315
-96.35059651593315
-96.35059651593315
-96.35059651593315
-96.35059651593315
-96.35059651593315
-96.35059651593315
-96.35059651593315
-96.35059651593315
-96.35059651593315
-96.35059651593315
-98.70874851237768
-98.70874851237768
-98.70874851237768
-98.70874851237768
-98.70874851237768
-98.70874851237768
-98.70874851237768
-98.70874851237768
-98.70874851237768
-98.70874851237768
-98.70874851237768
-98.70874851237768
-98.70874851237768
-98.70874851237768
-98.70874851237768
-98.70874851237768
-98.70874851237768
-98.70874851237768
-98.70874851237768
-98.70874851237768
-98.70874851237768
-98.70874851237768
-98.70874851237768
-98.70874851237768
-98.70874851237768
-98.70874851237768
-98.70874851237768
-98.70874851237768
-98.70874851237768
-93.85070988182804
-93.85070988182804
-93.85070988182804
-93.85070988182804
-93.85070988182804
-93.85070988182804
-93.85070988182804
-93.85070988182804
-93.85070988182804
-93.85070988182804
-93.85070988182804
-93.85070988182804
-93.85070988182804
-93.85070988182804
-93.85070988182804
-93.85070988182804
-93.85070988182804
-93.85070988182804
-93.85070988182804
-93.85070988182804
-93.85070988182804
-93.85070988182804
-93.85070988182804
-93.85070988182804
-93.85070988182804
-93.85070988182804
-93.85070988182804
-93.85070988182804
-93.85070988182804
-80.31355204494935
-80.31355204494935
-80.31355204494935
-80.31355204494935
-80.31355204494935
-80.31355204494935
-80.31355204494935
-80.31355204494935
-80.31355204494935
-80.31355204494935
-80.31355204494935
-80.31355204494935
-80.31355204494935
-80.31355204494935
-80.31355204494935
-80.31355204494935
-80.31355204494935
-80.31355204494935
-80.31355204494935
-80.31355204494935
-80.31355204494935
-80.31355204494935
-80.31355204494935
-80.31355204494935
-80.31355204494935
-80.31355204494935
-80.31355204494935
-62.51469803292054
-62.51469803292054
-62.51469803292054
-62.51469803292054
-62.51469803292054
-62.51469803292054
-62.51469803292054
-62.51469803292054
-62.51469803292054
-62.51469803292054
-62.51469803292054
-62.51469803292054
-62.51469803292054
-62.51469803292054
-62.51469803292054
-62.51469803292054
-62.51469803292054
-62.51469803292054
-62.51469803292054
-62.51469803292054
-62.51469803292054
-62.51469803292054
-62.51469803292054
-62.51469803292054
-62.51469803292054
-62.51469803292054
-62.51469803292054
-62.51469803292054
-62.51469803292054
-62.51469803292054
-45.414654008982154
-45.414654008982154
-45.414654008982154
-45.414654008982154
-45.414654008982154
-45.414654008982154
-45.414654008982154
-45.414654008982154
-45.414654008982154
-45.414654008982154
-45.414654008982154
-45.414654008982154
-45.414654008982154
-45.414654008982154
-45.414654008982154
-45.414654008982154
-45.414654008982154
-45.414654008982154
-45.414654008982154
-45.414654008982154
-45.414654008982154
-45.414654008982154
-45.414654008982154
-45.414654008982154
-45.414654008982154
-45.414654008982154
-45.414654008982154
-45.414654008982154
-27.803787001218453
-27.803787001218453
-27.803787001218453
-27.803787001218453
-27.803787001218453
-27.803787001218453
-27.803787001218453
-27.803787001218453
-27.803787001218453
-27.803787001218453
-27.803787001218453
-27.803787001218453
-27.803787001218453
-27.803787001218453
-27.803787001218453
-27.803787001218453
-27.803787001218453
-27.803787001218453
-27.803787001218453
-27.803787001218453
-27.803787001218453
-27.803787001218453
-27.803787001218453
-27.803787001218453
-27.803787001218453
-27.803787001218453
-27.803787001218453
-27.803787001218453
-27.803787001218453
-27.803787001218453
-17.820276999381306
-17.820276999381306
-17.820276999381306
-17.820276999381306
-17.820276999381306
-17.820276999381306
-17.820276999381306
-17.820276999381306
-17.820276999381306
-17.820276999381306
-17.820276999381306
-17.820276999381306
-17.820276999381306
-17.820276999381306
-17.820276999381306
-17.820276999381306
-17.820276999381306
-17.820276999381306
-17.820276999381306
-17.820276999381306
-17.820276999381306
-17.820276999381306
-17.820276999381306
-17.820276999381306
-17.820276999381306
-17.820276999381306
-17.820276999381306
-15.741518611474184
-15.741518611474184
-15.741518611474184
-15.741518611474184
-15.741518611474184
-15.741518611474184
-15.741518611474184
-15.741518611474184
-15.741518611474184
-15.741518611474184
-15.741518611474184
-15.741518611474184
-15.741518611474184
-15.741518611474184
-15.741518611474184
-15.741518611474184
-15.741518611474184
-15.741518611474184
-15.741518611474184
-15.741518611474184
-15.741518611474184
-15.741518611474184
-15.741518611474184
-15.741518611474184
-15.741518611474184
-15.741518611474184
-15.741518611474184
-15.741518611474184
-15.741518611474184
-15.741518611474184
-21.798201404486
-21.798201404486
-21.798201404486
-21.798201404486
-21.798201404486
-21.798201404486
-21.798201404486
-21.798201404486
-21.798201404486
-21.798201404486
-21.798201404486
-21.798201404486
-21.798201404486
-21.798201404486
-21.798201404486
-21.798201404486
-21.798201404486
-21.798201404486
-21.798201404486
-21.798201404486
-21.798201404486
-21.798201404486
-21.798201404486
-21.798201404486
-21.798201404486
-21.798201404486
-21.798201404486
-21.798201404486
-21.798201404486
-34.244593337146625
-34.244593337146625
-34.244593337146625
-34.244593337146625
-34.244593337146625
-34.244593337146625
-34.244593337146625
-34.244593337146625
-34.244593337146625
-34.244593337146625
-34.244593337146625
-34.244593337146625
-34.244593337146625
-34.244593337146625
-34.244593337146625
-34.244593337146625
-34.244593337146625
-34.244593337146625
-34.244593337146625
-34.244593337146625
-34.244593337146625
-34.244593337146625
-34.244593337146625
-34.244593337146625
-34.244593337146625
-34.244593337146625
-34.244593337146625
-34.244593337146625
-34.244593337146625
-58.622138499799185
-58.622138499799185
-58.622138499799185
-58.622138499799185
-58.622138499799185
-58.622138499799185
-58.622138499799185
-58.622138499799185
-58.622138499799185
-58.622138499799185
-58.622138499799185
-58.622138499799185
-58.622138499799185
-58.622138499799185
-58.622138499799185
-58.622138499799185
-58.622138499799185
-58.622138499799185
-58.622138499799185
-58.622138499799185
-58.622138499799185
-58.622138499799185
-58.622138499799185
-58.622138499799185
-58.622138499799185
-58.622138499799185
-58.622138499799185
-58.622138499799185
-58.622138499799185
-75.85963147537467
-75.85963147537467
-75.85963147537467
-75.85963147537467
-75.85963147537467
-75.85963147537467
-75.85963147537467
-75.85963147537467
-75.85963147537467
-75.85963147537467
-75.85963147537467
-75.85963147537467
-75.85963147537467
-75.85963147537467
-75.85963147537467
-75.85963147537467
-75.85963147537467
-75.85963147537467
-75.85963147537467
-75.85963147537467
-75.85963147537467
-75.85963147537467
-75.85963147537467
-75.85963147537467
-75.85963147537467
-75.85963147537467
-75.85963147537467
-75.85963147537467
-86.18991869887472
-86.18991869887472
-86.18991869887472
-86.18991869887472
-86.18991869887472
-86.18991869887472
-86.18991869887472
-86.18991869887472
-86.18991869887472
-86.18991869887472
-86.18991869887472
-86.18991869887472
-86.18991869887472
-86.18991869887472
-86.18991869887472
-86.18991869887472
-86.18991869887472
-86.18991869887472
-86.18991869887472
-86.18991869887472
-86.18991869887472
-86.18991869887472
-86.18991869887472
-86.18991869887472
-95.11739495006717
-95.11739495006717
-95.11739495006717
-95.11739495006717
-95.11739495006717
-95.11739495006717
-95.11739495006717
-95.11739495006717
-95.11739495006717
-95.11739495006717
-95.11739495006717
-95.11739495006717
-95.11739495006717
-95.11739495006717
-95.11739495006717
-95.11739495006717
-95.11739495006717
-95.11739495006717
-95.11739495006717
-95.11739495006717
-95.11739495006717
-95.11739495006717
-95.11739495006717
-95.11739495006717
-94.86652558288557
-94.86652558288557
-94.86652558288557
-94.86652558288557
-94.86652558288557
-94.86652558288557
-94.86652558288557
-94.86652558288557
-94.86652558288557
-94.86652558288557
-94.86652558288557
-94.86652558288557
-94.86652558288557
-94.86652558288557
-94.86652558288557
-94.86652558288557
-94.86652558288557
-94.86652558288557
-94.86652558288557
-94.86652558288557
-94.86652558288557
-94.86652558288557
-94.86652558288557
-94.86652558288557
-87.4902495173803
-87.4902495173803
-87.4902495173803
-87.4902495173803
-87.4902495173803
-87.4902495173803
-87.4902495173803
-87.4902495173803
-87.4902495173803
-87.4902495173803
-87.4902495173803
-87.4902495173803
-87.4902495173803
-87.4902495173803
-87.4902495173803
-87.4902495173803
-87.4902495173803
-87.4902495173803
-87.4902495173803
-87.4902495173803
-87.4902495173803
-87.4902495173803
-87.4902495173803
-87.4902495173803
-72.21807896285654
-72.21807896285654
-72.21807896285654
-72.21807896285654
-72.21807896285654
-72.21807896285654
-72.21807896285654
-72.21807896285654
-72.21807896285654
-72.21807896285654
-72.21807896285654
-72.21807896285654
-72.21807896285654
-72.21807896285654
-72.21807896285654
-72.21807896285654
-72.21807896285654
-72.21807896285654
-72.21807896285654
-72.21807896285654
-72.21807896285654
-72.21807896285654
-72.21807896285654
-72.21807896285654
-72.21807896285654
-72.21807896285654
-72.21807896285654
-72.21807896285654
-55.325530209427264
-55.325530209427264
-55.325530209427264
-55.325530209427264
-55.325530209427264
-55.325530209427264
-55.325530209427264
-55.325530209427264
-55.325530209427264
-55.325530209427264
-55.325530209427264
-55.325530209427264
-55.325530209427264
-55.325530209427264
-55.325530209427264
-55.325530209427264
-55.325530209427264
-55.325530209427264
-55.325530209427264
-55.325530209427264
-55.325530209427264
-55.325530209427264
-55.325530209427264
-55.325530209427264
-55.325530209427264
-55.325530209427264
-55.325530209427264
-55.325530209427264
-55.325530209427264
-39.85867544640466
-39.85867544640466
-39.85867544640466
-39.85867544640466
-39.85867544640466
-39.85867544640466
-39.85867544640466
-39.85867544640466
-39.85867544640466
-39.85867544640466
-39.85867544640466
-39.85867544640466
-39.85867544640466
-39.85867544640466
-39.85867544640466
-39.85867544640466
-39.85867544640466
-39.85867544640466
-39.85867544640466
-39.85867544640466
-39.85867544640466
-39.85867544640466
-39.85867544640466
-39.85867544640466
-39.85867544640466
-39.85867544640466
-39.85867544640466
-39.85867544640466
-27.81575324182129
-27.81575324182129
-27.81575324182129
-27.81575324182129
-27.81575324182129
-27.81575324182129
-27.81575324182129
-27.81575324182129
-27.81575324182129
-27.81575324182129
-27.81575324182129
-27.81575324182129
-27.81575324182129
-27.81575324182129
-27.81575324182129
-27.81575324182129
-27.81575324182129
-27.81575324182129
-27.81575324182129
-27.81575324182129
-27.81575324182129
-27.81575324182129
-27.81575324182129
-27.81575324182129
-27.81575324182129
-27.81575324182129
-16.80833030652483
-16.80833030652483
-16.80833030652483
-16.80833030652483
-16.80833030652483
-16.80833030652483
-16.80833030652483
-16.80833030652483
-16.80833030652483
-16.80833030652483
-16.80833030652483
-16.80833030652483
-16.80833030652483
-16.80833030652483
-16.80833030652483
-16.80833030652483
-16.80833030652483
-16.80833030652483
-16.80833030652483
-16.80833030652483
-16.80833030652483
-16.80833030652483
-16.80833030652483
-16.80833030652483
-16.80833030652483
-16.80833030652483
-16.80833030652483
-16.40928514670614
-16.40928514670614
-16.40928514670614
-16.40928514670614
-16.40928514670614
-16.40928514670614
-16.40928514670614
-16.40928514670614
-16.40928514670614
-16.40928514670614
-16.40928514670614
-16.40928514670614
-16.40928514670614
-16.40928514670614
-16.40928514670614
-16.40928514670614
-16.40928514670614
-16.40928514670614
-16.40928514670614
-16.40928514670614
-16.40928514670614
-16.40928514670614
-16.40928514670614
-16.40928514670614
-16.40928514670614
-24.621917198593664
