-2.784360890038973,0.33431192501234025,0.4160661407232425
-2.784360890038973,0.33431192501234025,0.4160661407232425
-2.784360890038973,0.33431192501234025,0.4160661407232425
-2.784360890038973,0.33431192501234025,0.4160661407232425
-2.784360890038973,0.33431192501234025,0.4160661407232425
-2.784360890038973,0.33431192501234025,0.4160661407232425
3.2053431772861414,-0.09658201881409705,0.30678352790276836
3.2053431772861414,-0.09658201881409705,0.30678352790276836
3.2053431772861414,-0.09658201881409705,0.30678352790276836
3.2053431772861414,-0.09658201881409705,0.30678352790276836
3.2053431772861414,-0.09658201881409705,0.30678352790276836
3.2053431772861414,-0.09658201881409705,0.30678352790276836
3.2053431772861414,-0.09658201881409705,0.30678352790276836
3.2053431772861414,-0.09658201881409705,0.30678352790276836
3.2053431772861414,-0.09658201881409705,0.30678352790276836
3.2053431772861414,-0.09658201881409705,0.30678352790276836
3.2053431772861414,-0.09658201881409705,0.30678352790276836
3.2053431772861414,-0.09658201881409705,0.30678352790276836
3.2053431772861414,-0.09658201881409705,0.30678352790276836
3.2053431772861414,-0.09658201881409705,0.30678352790276836
3.2053431772861414,-0.09658201881409705,0.30678352790276836
3.2053431772861414,-0.09658201881409705,0.30678352790276836
3.2053431772861414,-0.09658201881409705,0.30678352790276836
3.2053431772861414,-0.09658201881409705,0.30678352790276836
3.2053431772861414,-0.09658201881409705,0.30678352790276836
3.2053431772861414,-0.09658201881409705,0.30678352790276836
0.006661311576615944,0.05670757473181299,-0.12185757038263723
0.006661311576615944,0.05670757473181299,-0.12185757038263723
0.006661311576615944,0.05670757473181299,-0.12185757038263723
0.006661311576615944,0.05670757473181299,-0.12185757038263723
0.006661311576615944,0.05670757473181299,-0.12185757038263723
0.006661311576615944,0.05670757473181299,-0.12185757038263723
0.006661311576615944,0.05670757473181299,-0.12185757038263723
0.006661311576615944,0.05670757473181299,-0.12185757038263723
0.006661311576615944,0.05670757473181299,-0.12185757038263723
0.006661311576615944,0.05670757473181299,-0.12185757038263723
0.006661311576615944,0.05670757473181299,-0.12185757038263723
0.006661311576615944,0.05670757473181299,-0.12185757038263723
0.006661311576615944,0.05670757473181299,-0.12185757038263723
0.006661311576615944,0.05670757473181299,-0.12185757038263723
0.006661311576615944,0.05670757473181299,-0.12185757038263723
0.006661311576615944,0.05670757473181299,-0.12185757038263723
0.006661311576615944,0.05670757473181299,-0.12185757038263723
0.006661311576615944,0.05670757473181299,-0.12185757038263723
0.006661311576615944,0.05670757473181299,-0.12185757038263723
0.006661311576615944,0.05670757473181299,-0.12185757038263723
0.006661311576615944,0.05670757473181299,-0.12185757038263723
0.006661311576615944,0.05670757473181299,-0.12185757038263723
0.006661311576615944,0.05670757473181299,-0.12185757038263723
0.006661311576615944,0.05670757473181299,-0.12185757038263723
-1.2126774184301037,1.6149009570865234,-43.67095582007777
-1.2126774184301037,1.6149009570865234,-43.67095582007777
-1.2126774184301037,1.6149009570865234,-43.67095582007777
-1.2126774184301037,1.6149009570865234,-43.67095582007777
-1.2126774184301037,1.6149009570865234,-43.67095582007777
-1.2126774184301037,1.6149009570865234,-43.67095582007777
-1.2126774184301037,1.6149009570865234,-43.67095582007777
-1.2126774184301037,1.6149009570865234,-43.67095582007777
-1.2126774184301037,1.6149009570865234,-43.67095582007777
